R1=1,0,118,0,-7,0
R2=1,40,143,35,-7,0
R3=1,80,168,50,-6,0
R4=1,120,192,19,-4,0
R5=1,150,213,50,-1,0
R6=1,180,233,54,3,0
R7=1,210,252,33,7,0
R8=1,230,268,18,9,0
R9=1,250,282,5,11,0
R10=1,270,295,11,12,0
R11=1,285,304,51,13,0
R12=1,300,313,48,14,0
R13=1,315,321,6,15,0
R14=1,330,329,6,19,0
R15=1,340,333,7,22,0
R16=1,350,336,0,25,0
R17=1,360,338,37,28,0
R18=1,375,339,55,33,0
R19=1,380,339,48,37,0
R20=1,390,338,16,40,0
R21=1,400,335,57,41,0
R22=1,410,333,18,40,0
R23=1,420,333,22,34,0
R24=1,430,330,40,29,0
R25=1,440,331,12,27,0
R26=1,450,333,1,22,0
R27=1,465,337,30,16,0
R28=1,480,343,6,13,0
R29=1,495,350,6,9,0
R30=1,510,357,47,5,0
R31=1,520,7,39,3,0
R32=1,550,20,0,-2,0
R33=1,570,31,41,-4,0
R34=1,600,49,9,-4,0
R35=1,630,67,20,-7,0
R36=1,660,85,35,-7,0
R37=1,700,110,31,-6,0
R38=1,740,135,52,-7,0
R39=1,780,161,35,-6,0
R40=2,0,161,35,-6,0
R41=2,40,187,42,-2,0
R42=2,80,214,53,0,0
R43=2,120,243,35,5,0
R44=2,150,265,50,8,0
R45=2,160,288,12,9,0
R46=2,210,310,29,9,0
R47=2,230,324,58,9,0
R48=2,250,339,13,10,0
R49=2,270,353,15,11,0
R50=2,285,3,35,12,0
R51=2,300,13,7,10,0
R52=2,315,22,3,10,0
R53=2,330,30,24,9,0
R54=2,340,34,24,8,0
R55=2,350,39,25,7,0
R56=2,360,42,48,6,0
R57=2,370,45,8,6,0
R58=2,380,46,31,4,0
R59=2,390,46,6,4,0
R60=2,400,44,31,2,0
R61=2,410,41,7,2,0
R62=2,420,48,8,2,0
R63=2,430,34,40,1,0
R64=2,440,32,10,1,0
R65=2,450,33,50,-4,0
R66=2,465,31,25,-5,0
R67=2,480,34,27,-7,0
R68=2,495,39,1,-7,0
R69=2,510,34,55,-7,0
R70=2,530,53,59,-9,0
R71=2,550,4,16,-8,0
R72=2,570,75,6,-8,0
R73=2,600,92,18,-7,0
R74=2,630,110,3,-7,0
R75=2,650,128,52,-7,0
R76=2,700,154,0,-6,0
R77=2,740,180,7,-4,0
R78=2,780,207,40,1,0
R79=3,0,207,40,1,0
R80=3,40,115,13,5,0
R81=3,80,267,26,8,0
R82=3,120,298,20,8,0
R83=3,150,321,10,8,0
R84=3,180,343,57,9,0
R85=3,210,6,24,9,0
R86=3,230,20,2,7,0
R87=3,250,34,43,4,0
R88=3,270,47,45,1,0
R89=3,283,56,52,-1,0
R90=3,300,65,18,-3,0
R91=3,315,72,41,-6,0
R92=3,330,79,6,-8,0
R93=3,340,82,26,-11,0
R94=3,350,85,11,-14,0
R95=3,360,86,6,-16,0
R96=3,370,86,33,-16,0
R97=3,380,86,55,-21,0
R98=3,390,85,12,-23,0
R99=3,400,82,22,-25,0
R100=3,410,78,1,-25,0
R101=3,420,75,1,-22,0
R102=3,430,71,58,-23,0
R103=3,440,69,48,-22,0
R104=3,450,69,12,-17,0
R105=3,460,70,30,-15,0
R106=3,480,74,6,-13,0
R107=3,495,79,18,-12,0
R108=3,510,85,41,-10,0
R109=3,530,95,29,-8,0
R110=3,550,106,16,-8,0
R111=3,570,117,36,-6,0
R112=3,600,135,11,-7,0
R113=3,630,153,34,-6,0
R114=3,660,172,1,-4,0
R115=3,700,199,56,0,0
R116=3,740,229,15,5,0
R117=3,780,261,3,8,0
R118=4,0,260,3,8,0
R119=4,40,291,22,7,0
R120=4,80,322,25,7,0
R121=4,120,353,26,7,0
R122=4,150,16,3,5,0
R123=4,160,37,42,2,0
R124=4,210,57,52,0,0
R125=4,230,70,27,-4,0
R126=4,250,82,15,-6,0
R127=4,270,93,11,-8,0
R128=4,285,100,50,-10,0
R129=4,300,107,29,-11,0
R130=4,315,113,11,-14,0
R131=4,330,117,35,-18,0
R132=4,340,119,32,-17,0
R133=4,340,120,21,-19,0
R134=4,360,120,4,-20,0
R135=4,370,113,31,-23,0
R136=4,380,115,50,-25,0
R137=4,390,116,34,-24,0
R138=4,400,108,57,-26,0
R139=4,410,105,47,-22,0
R140=4,420,106,31,-21,0
R141=4,430,102,25,-20,0
R142=4,440,102,37,-16,0
R143=4,450,104,18,-14,0
R144=4,465,107,53,-13,0
R145=4,480,113,11,-12,0
R146=4,495,119,38,-12,0
R147=4,510,126,51,-9,0
R148=4,530,137,20,-8,0
R149=4,550,148,34,-7,0
R150=4,570,160,30,-5,0
R151=4,600,179,22,-2,0
R152=4,630,2052,2,0
R153=4,660,220,45,4,0
R154=4,700,252,25,7,0
R155=4,740,283,39,7,0
R156=4,780,314,48,8,0
R157=5,0,314,49,8,0
R158=5,40,342,11,7,0
R159=5,80,16,38,4,0
R160=5,120,45,18,0,0
R161=5,150,65,22,-4,0
R162=5,180,84,13,-8,0
R163=5,210,102,7,-8,0
R164=5,230,113,30,-8,0
R165=5,250,124,20,-9,0
R166=5,270,134,35,-9,0
R167=5,285,141,19,-10,0
R168=5,290,147,8,-12,0
R169=5,315,151,25,-14,0
R170=5,330,153,42,-18,0
R171=5,340,154,38,-21,0
R172=5,350,153,21,-23,0
R173=5,360,149,52,-25,0
R174=5,370,146,27,-28,0
R175=5,380,142,48,-28,0
R176=5,390,139,38,-27,0
R177=5,400,137,4,-26,0
R178=5,410,135,46,-22,0
R179=5,420,135,35,-18,0
R180=5,430,136,10,-17,0
R181=5,440,138,28,-14,0
R182=5,450,141,21,-13,0
R183=5,465,146,53,-10,0
R184=5,480,153,38,-8,0
R185=5,495,160,20,-5,0
R186=5,510,169,47,-2,0
R187=5,530,191,54,-1,0
R188=5,550,195,0,3,0
R189=5,570,208,51,5,0
R190=5,600,230,45,7,0
R191=5,630,253,31,8,0
R192=5,660,273,31,8,0
R193=5,700,307,22,8,0
R194=5,740,338,29,7,0
R195=5,770,8,56,4,0
R196=6,0,8,56,4,0
R197=6,40,37,51,-1,0
R198=6,80,64,57,-3,0
R199=6,120,90,32,-7,0
R200=6,150,109,3,-7,0
R201=6,180,127,10,-7,0
R202=6,210,144,40,-8,0
R203=6,230,155,40,-9,0
R204=6,250,165,56,-10,0
R205=6,270,175,6,-11,0
R206=6,285,180,55,-01,0
R207=6,300,185,33,-11,0
R208=6,315,187,18,-11,0
R209=6,330,188,35,-12,0
R210=6,340,187,12,-12,0
R211=6,360,183,22,-13,0
R212=6,360,180,41,-14,0
R213=6,370,175,50,-14,0
R214=6,380,173,32,-13,0
R215=6,390,171,51,-8,0
R216=6,400,171,22,-7,0
R217=6,410,171,59,-6,0
R218=6,420,173,55,-3,0
R219=6,430,176,51,-1,0
R220=6,440,180,35,1,0
R221=6,450,155,0,4,0
R222=6,465,192,44,4,0
R223=6,480,201,23,6,0
R224=6,495,210,50,7,0
R225=6,510,220,53,8,0
R226=6,530,234,52,10,0
R227=6,550,249,18,10,0
R228=6,570,264,3,9,0
R229=6,610,256,16,8,0
R230=6,630,308,53,8,0
R231=6,660,331,44,1,0
R232=6,700,1,38,4,0
R233=6,740,30,12,-1,0
R234=6,780,57,18,-4,0
R235=7,0,57,18,-4,0
R236=7,40,83,22,-6,0
R237=7,80,108,44,-7,0
R238=7,120,133,58,-7,0
R239=7,150,151,10,-7,0
R240=7,180,169,56,-7,0
R241=7,210,187,8,-6,0
R242=7,230,198,25,-5,0
R243=7,250,208,51,-3,0
R244=7,270,218,44,-1,0
R245=7,285,225,20,3,0
R246=7,300,231,2,5,0
R247=7,315,235,26,10,0
R248=7,330,237,46,14,0
R249=7,340,238,2,19,0
R250=7,350,237,8,25,0
R251=7,360,234,58,30,0
R252=7,370,231,1,32,0
R253=7,380,228,25,31,0
R254=7,390,227,37,23,0
R255=7,400,227,7,28,0
R256=7,410,225,3,25,0
R257=7,420,230,13,23,0
R258=7,430,233,35,22,0
R259=7,440,237,34,18,0
R260=7,450,242,19,16,0
R261=7,465,250,1,15,0
R262=7,480,259,9,14,0
R263=7,495,268,29,12,0
R264=7,510,278,8,11,0
R265=7,530,291,47,11,0
R266=7,550,305,52,11,0
R267=7,570,320,13,9,0
R268=7,600,341,51,7,0
R269=7,630,3,5,3,0
R270=7,660,23,38,-1,0
R271=7,700,49,57,-6,0
R272=7,740,75,45,-6,0
R273=7,780,101,13,-7,0
R274=8,0,101,13,-7,0
R275=8,40,126,55,-6,0
R276=8,80,152,9,-7,0
R277=8,120,177,25,-6,0
R278=8,150,195,51,-2,0
R279=8,180,214,50,-1,0
R280=8,210,234,7,3,0
R281=8,230,247,5,5,0
R282=8,250,260,5,9,0
R283=8,270,272,36,12,0
R284=8,281,280,41,14,0
R285=8,300,290,10,16,0
R286=8,315,297,50,18,0
R287=8,330,304,10,20,0
R288=8,340,307,28,24,0
R289=8,350,309,43,26,0
R290=8,360,310,37,32,0
R291=8,370,310,49,29,0
R292=8,380,309,1,35,0
R293=8,390,306,28,39,0
R294=8,400,303,48,39,0
R295=8,410,301,51,32,0
R296=8,420,301,41,28,0
R297=8,430,301,51,28,0
R298=8,440,303,40,25,0
R299=8,450,306,41,22,0
R300=8,465,311,37,19,0
R301=8,480,322,47,16,0
R302=8,490,328,54,13,0
R303=8,510,336,31,10,0
R304=8,530,348,34,6,0
R305=8,550,3,57,3,0
R306=8,570,13,24,1,0
R307=8,600,32,4,-4,0
R308=8,630,50,32,-5,0
R309=8,660,69,0,-7,0
R310=8,700,93,51,-7,0
R311=8,740,119,16,-6,0
R312=8,780,144,51,-7,0
R313=9,0,144,51,-7,0
R314=9,40,170,26,-6,0
R315=9,80,196,32,-3,0
R316=9,120,223,43,1,0
R317=9,150,244,56,5,0
R318=9,180,266,46,7,0
R319=9,210,288,47,10,0
R320=9,230,303,14,10,0
R321=9,250,317,20,10,0
R322=9,270,330,57,11,0
R323=9,285,340,56,12,0
R324=9,300,350,21,11,0
R325=9,315,359,31,15,0
R326=9,330,7,43,15,0
R327=9,340,12,41,16,0
R328=9,350,15,42,16,0
R329=9,360,20,5,17,0
R330=9,370,22,26,18,0
R331=9,380,23,33,18,0
R332=9,390,23,39,18,0
R333=9,400,21,38,20,0
R334=9,410,18,51,20,0
R335=9,420,15,41,18,0
R336=9,430,13,1,15,0
R337=9,440,11,20,13,0
R338=9,450,11,0,7,0
R339=9,465,12,40,4,0
R340=9,480,16,25,1,0
R341=9,495,21,40,-3,0
R342=9,510,27,57,-5,0
R343=9,530,37,27,-6,0
R344=9,550,47,51,-7,0
R345=9,570,53,45,-7,0
R346=9,600,75,56,-8,0
R347=9,630,93,45,-7,0
R348=9,660,112,13,-6,0
R349=9,700,137,16,-3,0
R350=9,740,162,50,-5,0
R351=9,780,189,18,-3,0
R352=10,0,189,18,-3,0
R353=10,40,217,9,1,0
R354=10,80,246,33,6,0
R355=10,120,277,0,8,0
R356=10,150,299,57,8,0
R357=10,180,322,31,8,0
R358=10,210,344,51,9,0
R359=10,230,39,40,8,0
R360=10,220,14,1,8,0
R361=10,210,217,43,6,0
R362=10,285,37,27,5,0
R363=10,300,46,36,3,0
R364=10,315,54,47,1,0
R365=10,330,62,2,-3,0
R366=10,340,36,3,-4,0
R367=10,350,69,24,-7,0
R368=10,360,71,48,-9,0
R369=10,370,73,11,-11,0
R370=10,380,73,32,-15,0
R371=10,390,72,29,-16,0
R372=10,400,69,59,-17,0
R373=10,410,66,39,-18,0
R374=10,410,63,48,-19,0
R375=10,430,59,8,-17,0
R376=10,440,56,47,-16,0
R377=10,450,55,35,-15,0
R378=10,465,56,14,-14,0
R379=10,480,59,17,-13,0
R380=10,495,64,2,-11,0
R381=10,510,70,7,-10,0
R382=10,530,79,40,-9,0
R383=10,550,89,59,-8,0
R384=10,570,101,8,-7,0
R385=10,600,118,46,-7,0
R386=10,630,131,51,-7,0
R387=10,660,155,33,-6,0
R388=10,700,171,38,-3,0
R389=10,740,203,30,1,0
R390=10,780,239,16,5,0
R391=11,0,239,16,5,0
R392=11,40,270,9,8,0
R393=11,80,301,21,9,0
R394=11,120,332,12,3,0
R395=11,150,355,17,8,0
R396=11,180,17,44,5,0
R397=11,210,39,5,2,0
R398=11,230,52,25,-1,0
R399=11,250,64,59,-3,0
R400=11,270,76,36,-6,0
R401=11,285,84,41,-7,0
R402=11,300,91,56,-8,0
R403=11,315,98,14,-11,0
R404=11,330,103,17,-11,0
R405=11,340,106,42,-16,0
R406=11,350,107,23,-19,0
R407=11,360,107,39,-20,0
R408=11,370,106,48,-24,0
R409=11,380,104,52,-26,0
R410=11,390,101,59,-27,0
R411=11,400,98,34,-28,0
R412=11,410,94,59,-27,0
R413=11,420,92,14,-25,0
R414=11,430,89,46,-22,0
R415=11,440,89,22,-10,0
R416=11,450,90,1,-17,0
R417=11,465,92,56,-14,0
R418=11,480,97,43,-11,0
R419=11,495,103,55,-10,0
R420=11,510,110,59,-9,0
R421=11,530,121,17,-9,0
R422=11,550,132,14,-8,0
R423=11,570,143,45,-7,0
R424=11,600,161,58,-5,0
R425=11,630,181,22,-2,0
R426=11,660,202,4,1,0
R427=11,700,241,32,6,0
R428=11,740,262,31,6,0
R429=11,780,293,47,7,0
R430=12,0,293,47,7,0
R431=12,40,325,4,8,0
R432=12,80,356,13,7,0
R433=12,120,26,12,4,0
R434=12,150,47,20,-1,0
R435=12,180,67,8,-4,0
R436=12,210,85,38,-7,0
R437=12,230,97,17,-8,0
R438=12,250,108,18,-9,0
R439=12,270,118,35,-12,0
R440=12,285,125,357,-10,0
R441=12,300,131,50,-12,0
R442=12,315,136,54,-13,0
R443=12,330,140,7,-17,0
R444=12,340,140,55,-19,0
R445=12,350,140,35,-20,0
R446=12,360,148,50,-26,0
R447=12,370,135,55,-28,0
R448=12,380,132,31,-28,0
R449=12,390,128,58,-28,0
R450=12,400,125,56,-25,0
R451=12,410,123,50,-23,0
R452=12,420,132,52,-21,0
R453=12,430,123,1,-17,0
R454=12,440,124,22,-16,0
R455=12,450,126,38,-16,0
R456=12,465,131,30,-12,0
R457=12,480,137,40,-10,0
R458=12,495,154,44,-9,0
R459=12,510,152,38,-7,0
R460=12,530,163,59,-5,0
R461=12,550,156,13,-2,0
R462=12,570,189,16,1,0
R463=12,600,210,10,4,0
R464=12,630,232,20,7,0
R465=12,660,255,12,8,0
R466=12,700,286,18,7,0
R467=12,740,317,22,8,0
R468=12,780,348,35,6,0
R469=13,0,348,35,6,0
R470=13,40,18,48,3,0
R471=13,80,47,10,-4,0
R472=13,120,73,42,-5,0
R473=13,150,92,30,-7,0
R474=13,180,110,34,-8,0
R475=13,210,128,14,-7,0
R476=13,230,139,31,-8,0
R477=13,250,150,4,-9,0
R478=13,270,159,30,-10,0
R479=13,285,165,40,-12,0
R480=13,300,170,27,-14,0
R481=13,315,173,35,-16,0
R482=13,330,174,16,-17,0
R483=13,340,173,3,-19,0
R484=13,350,170,42,-21,0
R485=13,360,167,11,-22,0
R486=13,370,163,16,-22,0
R487=13,380,159,57,-21,0
R488=13,390,157,26,-21,0
R489=13,400,156,16,-17,0
R490=13,410,156,27,-13,0
R491=13,420,157,28,-12,0
R492=13,430,159,43,-13,0
R493=13,440,162,51,-7,0
R494=13,450,166,42,-4,0
R495=13,465,173,39,-2,0
R496=13,480,181,33,1,0
R497=13,495,190,29,3,0
R498=13,510,200,2,5,0
R499=13,530,213,30,7,0
R500=13,550,227,45,8,0
R501=13,570,242,41,9,0
R502=13,600,264,56,9,0
R503=13,630,287,36,8,0
R504=13,660,310,28,8,0
R505=13,700,341,13,7,0
R506=13,740,11,8,3,0
R507=13,780,39,31,-1,0
R508=14,0,39,31,-1,0
R509=14,40,66,31,-5,0
R510=14,80,91,58,-7,0
R511=14,120,117,8,-7,0
R512=14,150,135,40,-7,0
R513=14,180,153,33,-8,0
R514=14,210,170,39,-8,0
R515=14,230,181,26,-6,0
R516=14,250,191,41,-6,0
R517=14,270,200,54,-4,0
R518=14,285,206,53,-4,0
R519=14,300,211,42,-3,0
R520=14,315,214,50,1,0
R521=14,330,215,43,5,0
R522=14,340,214,47,6,0
R523=14,350,212,31,10,0
R524=14,360,209,23,11,0
R525=14,370,205,56,11,0
R526=14,380,203,13,15,0
R527=14,390,201,54,14,0
R528=14,400,201,51,15,0
R529=14,410,203,17,13,0
R530=14,420,205,49,12,0
R531=14,435,209,19,12,0
R532=14,440,213,43,12,0
R533=14,450,218,39,12,0
R534=14,465,227,3,13,0
R535=14,480,236,10,12,0
R536=14,495,245,50,12,0
R537=14,510,255,50,11,0
R538=14,530,269,52,10,0
R539=14,550,283,58,9,0
R540=14,570,298,43,9,0
R541=14,600,320,43,9,0
R542=14,630,342,51,6,0
R543=14,660,4,32,4,0
R544=14,700,32,18,-1,0
R545=14,740,58,47,-5,0
R546=14,780,84,32,-7,0
R547=15,0,84,32,-7,0
R548=15,40,110,6,-7,0
R549=15,80,135,35,-7,0
R550=15,120,160,23,-7,0
R551=15,150,178,43,-6,0
R552=15,180,196,53,-4,0
R553=15,210,215,6,-1,0
R554=15,230,227,12,1,0
R555=15,250,239,3,5,0
R556=15,270,250,33,9,0
R557=15,285,258,48,12,0
R558=15,300,266,15,16,0
R559=15,315,272,54,18,0
R560=15,330,279,0,22,0
R561=15,340,280,22,28,0
R562=15,350,281,35,32,0
R563=15,360,281,32,36,0
R564=15,370,280,10,39,0
R565=15,380,277,49,41,0
R566=15,390,275,9,41,0
R567=15,400,273,11,34,0
R568=15,410,272,10,30,0
R569=15,420,272,58,26,0
R570=15,430,274,41,24,0
R571=15,440,277,30,21,0
R572=15,450,281,14,19,0
R573=15,465,287,58,17,0
R574=15,480,295,58,15,0
R575=15,495,304,47,12,0
R576=15,510,314,8,12,0
R577=15,530,327,10,10,0
R578=15,550,340,26,7,0
R579=15,570,353,48,5,0
R580=15,600,13,42,1,0
R581=15,630,33,7,-2,0
R582=15,660,52,5,-6,0
R583=15,700,77,14,-7,0
R584=15,740,102,29,-7,0
R585=15,780,128,9,-7,0
