R1=1,0,210,0,-4,0
R2=1,8,223,55,-3,0
R3=1,16,237,14,-3,0
R4=1,24,249,29,-2,0
R5=1,30,257,31,-2,0
R6=1,36,263,58,-1,0
R7=1,40,267,5,-2,0
R8=1,43,268,24,-2,0
R9=1,46,269,0,-2,0
R10=1,49,266,38,-2,0
R11=1,52,266,55,-2,0
R12=1,55,264,40,-2,0
R13=1,58,261,48,-2,0
R14=1,61,259,16,-2,0
R15=1,64,257,27,-2,0
R16=1,67,256,48,-2,0
R17=1,70,257,5,-1,0
R18=1,73,258,20,-1,0
R19=1,76,260,22,-1,0
R20=1,80,264,5,-1,0
R21=1,86,271,25,-1,0
R22=1,92,280,0,0,0
R23=1,100,293,6,0,0
R24=1,108,307,14,0,0
R25=1,116,321,53,1,0
R26=2,0,321,53,1,0
R27=2,8,336,43,1,0
R28=2,16,350,43,2,0
R29=2,24,3,50,3,0
R30=2,30,12,4,3,0
R31=2,36,19,40,4,0
R32=2,40,23,36,4,0
R33=2,43,25,8,5,0
R34=2,46,26,2,6,0
R35=2,49,25,56,6,0
R36=2,52,24,47,7,0
R37=2,55,22,52,7,0
R38=2,58,19,58,8,0
R39=2,61,16,16,7,0
R40=2,64,15,26,7,0
R41=2,67,14,31,7,0
R42=2,70,14,51,6,0
R43=2,73,16,4,6,0
R44=2,76,18,10,5,0
R45=2,80,22,3,4,0
R46=2,86,29,33,4,0
R47=2,92,38,29,3,0
R48=2,100,51,48,3,0
R49=2,108,66,5,2,0
R50=2,116,81,2,1,0
R51=3,0,82,2,1,0
R52=3,8,96,53,1,0
R53=3,16,110,3,1,0
R54=3,24,123,6,0,0
R55=3,30,131,48,0,0
R56=3,36,139,2,0,0
R57=3,40,142,21,0,0
R58=3,43,144,54,-1,0
R59=3,46,145,59,-1,0
R60=3,49,146,8,-1,0
R61=3,52,145,18,-1,0
R62=3,55,142,26,-1,0
R63=3,58,139,49,-1,0
R64=3,61,138,7,-1,0
R65=3,64,135,57,-1,0
R66=3,67,133,45,-1,0
R67=3,70,133,27,-1,0
R68=3,73,134,43,-1,0
R69=3,76,136,17,-1,0
R70=3,80,139,28,-1,0
R71=3,86,146,7,-1,0
R72=3,92,154,18,-2,0
R73=3,100,166,43,-2,0
R74=3,108,180,11,-3,0
R75=3,116,194,17,-3,0
R76=4,0,194,17,-3,0
R77=4,8,208,14,-4,0
R78=4,16,221,28,-4,0
R79=4,24,233,30,-3,0
R80=4,30,241,21,-3,0
R81=4,36,247,44,-3,0
R82=4,40,250,41,-3,0
R83=4,43,251,22,-3,0
R84=4,46,252,2,-4,0
R85=4,49,251,52,-4,0
R86=4,52,250,20,-4,0
R87=4,55,247,53,-4,0
R88=4,58,245,16,-4,0
R89=4,61,242,32,-4,0
R90=4,64,240,52,-4,0
R91=4,67,240,11,-3,0
R92=4,70,240,28,-3,0
R93=4,73,241,41,-3,0
R94=4,76,243,45,-2,0
R95=4,80,247,32,-2,0
R96=4,86,254,48,-1,0
R97=4,92,263,25,-1,0
R98=4,100,276,24,-1,0
R99=4,108,290,28,0,0
R100=4,116,305,10,0,0
R101=5,0,305,10,0,0
R102=5,8,319,45,1,0
R103=5,16,333,38,1,0
R104=5,24,346,2,1,0
R105=5,30,354,48,2,0
R106=5,36,1,39,3,0
R107=5,40,4,32,3,0
R108=5,43,6,27,4,0
R109=5,46,7,11,4,0
R110=5,49,6,51,5,0
R111=5,52,5,28,5,0
R112=5,55,3,8,6,0
R113=5,58,0,23,6,0
R114=5,61,357,47,5,0
R115=5,64,356,0,5,0
R116=5,67,355,8,5,0
R117=5,70,355,44,5,0
R118=5,73,357,13,3,0
R119=5,76,0,9,4,0
R120=5,80,3,41,4,0
R121=5,86,11,25,4,0
R122=5,92,20,35,4,0
R123=5,100,34,11,4,0
R124=5,108,48,26,3,0
R125=5,116,63,50,2,0
R126=6,0,63,50,2,0
R127=6,8,78,52,2,0
R128=6,16,93,56,1,0
R129=6,24,106,41,1,0
R130=6,30,114,48,1,0
R131=6,36,122,0,1,0
R132=6,40,125,40,0,0
R133=6,44,127,10,0,0
R134=6,46,128,18,0,0
R135=6,49,128,48,0,0
R136=6,52,126,54,0,0
R137=6,55,125,16,0,0
R138=6,58,123,18,0,0
R139=6,61,120,32,0,0
R140=6,64,118,28,0,0
R141=6,67,117,6,0,0
R142=6,70,116,55,0,0
R143=6,73,117,40,0,0
R144=6,76,119,19,0,0
R145=6,80,123,7,-1,0
R146=6,86,130,1,-1,0
R147=6,92,138,48,-1,0
R148=6,100,150,25,-1,0
R149=6,108,164,4,-2,0
R150=6,116,179,41,-2,0
R151=7,0,178,25,-2,0
R152=7,8,192,41,-3,0
R153=7,16,206,10,-4,0
R154=7,24,216,35,-4,0
R155=7,30,225,38,-4,0
R156=7,36,231,50,-5,0
R157=7,40,234,52,-5,0
R158=7,43,235,56,-5,0
R159=7,46,236,21,-5,0
R160=7,49,235,7,-5,0
R161=7,52,233,36,-5,0
R162=7,55,231,41,-6,0
R163=7,58,228,51,-6,0
R164=7,61,226,20,-6,0
R165=7,64,224,40,-5,0
R166=7,67,223,58,-5,0
R167=7,70,224,14,-5,0
R168=7,73,225,29,-4,0
R169=7,76,227,29,-3,0
R170=7,80,231,12,-3,0
R171=7,86,238,25,-2,0
R172=7,92,247,0,-2,0
R173=7,100,259,53,-1,0
R174=7,108,273,52,-1,0
R175=7,116,288,30,0,0
R176=8,0,288,30,0,0
R177=8,8,302,57,0,0
R178=8,16,316,41,0,0
R179=8,24,329,15,1,0
R180=8,30,337,26,1,0
R181=8,36,343,58,2,0
R182=8,40,347,2,3,0
R183=8,43,348,23,3,0
R184=8,46,348,51,3,0
R185=8,49,348,8,3,0
R186=8,52,346,31,4,0
R187=8,55,343,21,4,0
R188=8,58,341,24,4,0
R189=8,61,338,47,4,0
R190=8,64,337,23,3,0
R191=8,67,336,58,3,0
R192=8,70,337,38,3,0
R193=8,73,339,11,3,0
R194=8,76,341,32,3,0
R195=8,80,345,40,3,0
R196=8,86,353,30,3,0
R197=8,92,2,41,3,0
R198=8,100,16,20,3,0
R199=8,108,31,5,3,0
R200=8,116,46,22,3,0
R201=9,0,46,22,3,0
R202=9,8,61,29,3,0
R203=9,16,75,52,2,0
R204=9,24,88,58,2,0
R205=9,30,97,37,2,0
R206=9,36,104,33,1,0
R207=9,40,108,39,1,0
R208=9,43,110,12,1,0
R209=9,46,111,9,1,0
R210=9,49,111,8,1,0
R211=9,52,110,5,1,0
R212=9,55,108,4,1,0
R213=9,58,105,21,1,0
R214=9,61,102,36,1,0
R215=9,64,100,10,1,0
R216=9,67,98,59,1,0
R217=9,70,99,5,1,0
R218=9,73,100,23,1,0
R219=9,76,102,12,1,0
R220=9,80,105,42,0,0
R221=9,86,112,42,0,0
R222=9,92,121,50,0,0
R223=9,100,134,44,-1,0
R224=9,108,147,42,-1,0
R225=9,116,160,5,-1,0
R226=10,0,162,5,-1,0
R227=10,8,176,42,-2,0
R228=10,16,189,51,-3,0
R229=10,24,202,4,-3,0
R230=10,30,209,51,-4,0
R231=10,36,216,14,-5,0
R232=10,40,219,5,-6,0
R233=10,43,220,20,-6,0
R234=10,46,220,40,-6,0
R235=10,49,220,3,-6,0
R236=10,52,218,28,-6,0
R237=10,55,217,0,-8,0
R238=10,58,213,7,-8,0
R239=10,61,210,41,-8,0
R240=10,64,201,57,-7,0
R241=10,67,208,11,-6,0
R242=10,70,208,27,-6,0
R243=10,73,209,38,-5,0
R244=10,76,213,33,-5,0
R245=10,80,215,13,-4,0
R246=10,86,222,20,-3,0
R247=10,92,230,49,-3,0
R248=10,100,243,34,-2,0
R249=10,108,257,28,-1,0
R250=10,116,271,58,-1,0
R251=11,0,271,58,-1,0
R252=11,8,286,18,0,0
R253=11,16,299,52,0,0
R254=11,24,312,15,0,0
R255=11,30,323,11,-1,0
R256=11,36,326,34,1,0
R257=11,40,329,22,1,0
R258=11,43,330,32,1,0
R259=11,46,330,45,2,0
R260=11,49,329,54,2,0
R261=11,52,328,2,2,0
R262=11,55,326,26,2,0
R263=11,58,322,41,2,0
R264=11,61,320,24,2,0
R265=11,64,319,9,2,0
R266=11,67,318,51,2,0
R267=11,70,319,40,2,0
R268=11,73,323,22,2,0
R269=11,76,323,51,1,0
R270=11,80,328,0,2,0
R271=11,86,335,56,2,0
R272=11,92,345,0,2,0
R273=11,100,358,38,3,0
R274=11,108,13,23,3,0
R275=11,116,28,46,4,0
R276=12,0,28,46,4,0
R277=12,8,44,54,4,0
R278=12,16,58,21,3,0
R279=12,24,71,31,3,0
R280=12,30,80,11,2,0
R281=12,36,87,16,2,0
R282=12,40,90,45,2,0
R283=12,43,92,33,1,0
R284=12,46,93,22,1,0
R285=12,49,93,10,3,0
R286=12,52,91,52,3,0
R287=12,55,81,54,3,0
R288=12,58,87,3,3,0
R289=12,61,84,23,2,0
R290=12,64,82,26,3,0
R291=12,67,81,35,2,0
R292=12,70,81,45,2,0
R293=12,73,82,53,2,0
R294=12,76,8152,1,0
R295=12,80,83,28,1,0
R296=12,86,95,42,1,0
R297=12,92,104,19,0,0
R298=12,100,117,14,0,0
R299=12,108,131,10,0,0
R300=12,116,145,46,-1,0
R301=13,0,145,46,-1,0
R302=13,8,160,0,-1,0
R303=13,16,173,30,-2,0
R304=13,24,181,8,-2,0
R305=13,30,194,7,-3,0
R306=13,36,200,29,-3,0
R307=13,40,213,24,4,0
R308=13,43,204,42,-6,0
R309=13,46,205,13,-6,0
R310=13,49,204,33,-8,0
R311=13,52,203,1,-7,0
R312=13,55,200,32,-7,0
R313=13,58,197,44,-7,0
R314=13,61,195,12,-7,0
R315=13,64,193,30,-6,0
R316=13,67,192,42,-5,0
R317=13,70,192,54,-6,0
R318=13,73,194,4,-5,0
R319=13,76,195,57,-5,0
R320=13,80,191,33,-5,0
R321=13,86,206,31,-4,0
R322=13,92,214,52,-4,0
R323=13,100,227,30,-3,0
R324=13,108,241,12,-2,0
R325=13,116,245,35,-1,0
R326=14,0,255,35,-1,0
R327=14,8,269,45,-1,0
R328=14,16,283,15,-1,0
R329=14,24,295,26,0,0
R330=14,30,303,15,0,0
R331=14,36,309,24,0,0
R332=14,40,312,58,0,0
R333=14,43,312,57,0,0
R334=14,46,313,0,0,0
R335=14,49,311,57,1,0
R336=14,52,310,0,1,0
R337=14,55,307,28,1,0
R338=14,58,304,34,1,0
R339=14,61,302,33,1,0
R340=14,64,301,21,1,0
R341=14,67,301,14,1,0
R342=14,70,302,7,1,0
R343=14,73,303,54,1,0
R344=14,76,303,25,1,0
R345=14,80,310,41,1,0
R346=14,86,318,34,1,0
R347=14,92,327,42,1,0
R348=14,100,341,31,2,0
R349=14,108,355,51,3,0
R350=14,116,111,4,3,0
R351=15,0,11,4,3,0
R352=15,8,26,10,4,0
R353=15,16,40,26,4,0
R354=15,24,53,45,4,0
R355=15,30,61,24,3,0
R356=15,36,69,25,3,0
R357=15,40,72,48,3,0
R358=15,43,74,24,3,0
R359=15,46,75,6,4,0
R360=15,49,74,48,4,0
R361=15,52,73,25,4,0
R362=15,55,71,6,4,0
R363=15,58,68,16,4,0
R364=15,61,65,44,4,0
R365=15,64,60,3,4,0
R366=15,67,63,21,4,0
R367=15,70,63,45,3,0
R368=15,73,65,2,3,0
R369=15,76,67,15,3,0
R370=15,80,71,6,2,0
R371=15,86,718,32,1,0
R372=15,92,87,20,1,0
R373=15,100,110,25,0,0
R374=15,108,114,30,0,0
R375=15,116,12-,10,0,0
R376=16,0,129,10,0,0
R377=16,8,143,38,-1,0
R378=16,16,151,22,-1,0
R379=16,24,169,50,-1,0
R380=16,30,177,56,-4,0
R381=16,36,184,24,-3,0
R382=16,40,187,20,-3,0
R383=16,43,188,43,-4,0
R384=16,46,189,13,-4,0
R385=16,49,189,43,-5,0
R386=16,52,181,8,-5,0
R387=16,55,184,41,-5,0
R388=16,58,181,51,-6,0
R389=16,61,179,18,-5,0
R390=16,64,173,33,-5,0
R391=16,67,176,51,-5,0
R392=16,70,178,5,-5,0
R393=16,73,178,17,-4,0
R394=16,76,180,12,-3,0
R395=16,80,183,51,-4,0
R396=16,86,190,53,-4,0
R397=16,92,199,11,-4,0
R398=16,100,211,41,-4,0
R399=16,108,225,14,-3,0
R400=16,116,239,27,-2,0
R401=17,0,239,27,-2,0
R402=17,8,253,30,-1,0
R403=17,16,267,47,-1,0
R404=17,24,278,47,-2,0
R405=17,30,223,21,-1,0
R406=17,36,292,21,-1,0
R407=17,40,294,50,0,0
R408=17,43,295,40,0,0
R409=17,46,295,32,0,0
R410=17,49,294,18,-1,0
R411=17,52,295,16,-1,0
R412=17,55,289,29,-1,0
R413=17,58,286,48,-1,0
R414=17,61,284,51,-1,0
R415=17,64,283,51,0,0
R416=17,67,284,2,0,0
R417=17,70,284,49,0,0
R418=17,73,286,40,0,0
R419=17,76,289,14,0,0
R420=17,80,293,34,0,0
R421=17,86,303,31,0,0
R422=17,92,311,37,1,0
R423=17,100,324,7,1,0
R424=17,108,338,37,2,0
R425=17,116,313,41,2,0
R426=18,0,353,43,2,0
R427=18,8,8,33,3,0
R428=18,16,22,33,4,0
R429=18,24,35,46,4,0
R430=18,30,44,10,5,0
R431=18,36,12,12,5,0
R432=18,40,54,26,5,0
R433=18,43,55,52,5,0
R434=18,46,56,22,6,0
R435=18,49,55,48,6,0
R436=18,52,54,11,2,0
R437=18,55,51,45,7,0
R438=18,58,48,54,7,0
R439=18,61,46,32,6,0
R440=18,64,45,6,6,0
R441=18,67,44,44,5,0
R442=18,70,47,24,5,0
R443=18,73,46,57,4,0
R444=18,76,49,20,4,0
R445=18,80,53,25,3,0
R446=18,86,61,10,2,0
R447=18,92,70,10,2,0
R448=18,100,83,26,1,0
R449=18,118,97,42,1,0
R450=18,116,122,18,0,0
R451=19,0,112,18,0,0
R452=19,8,127,0,0,0
R453=19,16,140,48,0,0
R454=19,24,153,20,-1,0
R455=19,30,161,26,-1,0
R456=19,36,167,50,-1,0
R457=19,40,170,56,-2,0
R458=19,43,172,28,-2,0
R459=19,46,172,44,-3,0
R460=19,49,172,10,-3,0
R461=19,52,170,28,-3,0
R462=19,55,158,13,-3,0
R463=19,58,165,22,-3,0
R464=19,61,162,50,-3,0
R465=19,64,161,14,-3,0
R466=19,67,160,31,-3,0
R467=19,70,160,52,-3,0
R468=19,73,162,8,-3,0
R469=19,76,164,10,-3,0
R470=19,80,167,51,-3,0
R471=19,86,155,0,-3,0
R472=19,92,183,28,-3,0
R473=19,100,196,0,-4,0
R474=19,108,209,30,-4,0
R475=19,116,223,31,-3,0
R476=20,0,223,31,-3,0
R477=20,8,237,24,-3,0
R478=20,16,250,30,-2,0
R479=20,24,261,21,-2,0
R480=20,30,269,53,-2,0
R481=20,36,275,34,-2,0
R482=20,40,277,53,-1,0
R483=20,43,278,38,-1,0
R484=20,46,278,15,-1,0
R485=20,49,276,57,-1,0
R486=20,52,274,50,-2,0
R487=20,55,272,3,-2,0
R488=20,58,269,23,-2,0
R489=20,61,237,20,-2,0
R490=20,64,266,31,-1,0
R491=20,67,266,37,-1,0
R492=20,70,263,41,-1,0
R493=20,73,269,45,-1,0
R494=20,76,272,17,0,0
R495=20,80,276,38,0,0
R496=20,86,284,35,0,0
R497=20,92,293,44,0,0
R498=20,100,307,10,0,0
R499=20,108,321,35,0,0
R500=20,116,336,31,1,0
R501=21,0,336,31,1,0
R502=21,8,351,11,2,0
R503=21,16,5,7,2,0
R504=21,24,17,50,3,0
R505=21,30,26,7,4,0
R506=21,36,32,43,5,0
R507=21,40,351,36,6,0
R508=21,43,36,52,6,0
R509=21,46,37,14,7,0
R510=21,49,316,20,8,0
R511=21,52,34,27,8,0
R512=21,55,31,52,8,0
R513=21,58,29,7,8,0
R514=21,61,27,1,8,0
R515=21,64,25,45,7,0
R516=21,67,251,42,6,0
R517=21,70,26,37,6,0
R518=21,73,28,25,5,0
R519=21,76,31,3,5,0
R520=21,80,35,28,4,0
R521=21,86,43,24,3,0
R522=21,92,52,41,3,0
R523=21,100,66,17,2,0
R524=21,108,80,41,1,0
R525=21,116,91,31,1,0
R526=22,0,95,36,1,0
R527=22,8,110,13,1,0
R528=22,16,124,3,0,0
R529=22,24,132,36,0,0
R530=22,30,144,45,0,0
R531=22,36,151,20,0,0
R532=22,40,154,12,-1,0
R533=22,43,155,35,-1,0
R534=22,46,165,55,-1,0
R535=22,49,155,17,-2,0
R536=22,52,153,41,-2,0
R537=22,55,151,10,-2,0
R538=22,58,148,18,-2,0
R539=22,61,145,56,-2,0
R540=22,64,144,22,-1,0
R541=22,67,143,48,-1,0
R542=22,70,144,14,-1,0
R543=22,73,146,31,-1,0
R544=22,76,147,44,-1,0
R545=22,80,151,33,-2,0
R546=22,86,158,5,-2,0
R547=22,92,167,33,-2,0
R548=22,101,180,3,-3,0
R549=22,108,193,47,-3,0
R550=22,116,207,51,-4,0
