R1=1,0,236,0,-6,0
R2=1,30,239,26,-6,0
R3=1,60,242,10,-7,0
R4=1,85,243,47,-8,0
R5=1,110,244,48,-8,0
R6=1,130,245,20,-8,0
R7=1,150,244,7,-8,0
R8=1,165,243,37,-8,0
R9=1,175,242,40,-8,0
R10=1,185,241,58,-8,0
R11=1,193,241,13,-8,0
R12=1,203,240,8,-8,0
R13=1,213,238,48,-8,0
R14=1,228,239,2,-8,0
R15=1,248,238,22,-8,0
R16=1,268,238,38,-7,0
R17=1,293,239,30,-7,0
R18=1,318,241,7,-7,0
R19=1,348,243,55,-7,0
R20=1,378,246,20,-7,0
R21=2,0,246,20,-7,0
R22=2,30,250,43,-7,0
R23=2,60,253,22,-8,0
R24=2,85,254,54,-8,0
R25=2,110,255,40,-8,0
R26=2,130,255,40,-9,0
R27=2,150,255,8,-9,0
R28=2,165,254,14,-9,0
R29=2,175,253,35,-9,0
R30=2,185,252,48,-9,0
R31=2,193,252,9,-9,0
R32=2,203,251,23,-9,0
R33=2,213,250,47,-9,0
R34=2,228,250,0,-9,0
R35=2,248,249,35,-8,0
R36=2,268,249,43,-8,0
R37=2,293,250,38,-8,0
R38=2,318,252,20,-8,0
R39=2,348,255,6,-8,0
R40=2,378,258,31,-8,0
R41=3,0,258,31,-8,0
R42=3,30,261,50,-8,0
R43=3,60,264,29,-8,0
R44=3,85,265,56,-9,0
R45=3,110,266,47,-9,0
R46=3,130,266,37,-9,0
R47=3,150,266,3,-9,0
R48=3,165,265,8,-9,0
R49=3,175,264,6,-9,0
R50=3,185,263,37,-9,0
R51=3,193,262,59,-9,0
R52=3,203,262,14,-9,0
R53=3,213,261,38,-9,0
R54=3,228,260,56,-9,0
R55=3,248,260,33,-9,0
R56=3,268,260,48,-8,0
R57=3,293,261,30,-8,0
R58=3,318,263,23,-8,0
R59=3,348,266,12,-8,0
R60=3,378,269,40,-7,0
R61=4,0,269,40,-7,0
R62=4,30,272,57,-8,0
R63=4,60,275,33,-8,0
R64=4,85,277,20,-8,0
R65=4,110,277,40,-8,0
R66=4,130,277,42,-8,0
R67=4,150,276,51,-8,0
R68=4,165,275,58,-9,0
R69=4,175,275,15,-9,0
R70=4,185,274,27,-9,0
R71=4,193,273,48,-9,0
R72=4,203,273,4,-9,0
R73=4,213,272,28,-9,0
R74=4,228,271,51,-9,0
R75=4,248,271,26,-9,0
R76=4,268,271,41,-9,0
R77=4,293,272,44,-8,0
R78=4,318,274,26,-8,0
R79=4,348,277,21,-7,0
R80=4,378,280,52,-7,0
R81=5,0,280,52,-7,0
R82=5,30,284,8,-7,0
R83=5,60,286,31,-7,0
R84=5,85,288,8,-7,0
R85=5,110,288,46,-7,0
R86=5,130,288,38,-7,0
R87=5,150,287,53,-8,0
R88=5,165,286,58,-8,0
R89=5,175,286,14,-8,0
R90=5,185,285,25,-8,0
R91=5,193,284,47,-8,0
R92=5,203,284,5,-8,0
R93=5,213,283,28,-8,0
R94=5,228,282,51,-7,0
R95=5,248,282,34,-7,0
R96=5,268,282,51,-7,0
R97=5,293,283,56,-7,0
R98=5,318,285,44,-6,0
R99=5,348,288,48,-6,0
R100=5,378,292,14,-6,0
R101=6,0,292,14,-6,0
R102=6,30,295,35,-5,0
R103=6,60,298,7,-5,0
R104=6,85,299,34,-5,0
R105=6,110,299,59,-5,0
R106=6,130,300,0,-5,0
R107=6,150,299,13,-5,0
R108=6,165,298,16,-5,0
R109=6,175,297,30,-5,0
R110=6,185,296,40,-5,0
R111=6,193,296,2,-6,0
R112=6,203,295,20,-6,0
R113=6,213,294,45,-6,0
R114=6,228,294,9,-6,0
R115=6,248,293,53,-6,0
R116=6,268,294,12,-5,0
R117=6,293,295,22,-4,0
R118=6,318,298,17,-4,0
R119=6,348,300,20,-4,0
R120=6,378,303,50,-4,0
R121=7,0,303,50,-4,0
R122=7,30,307,18,-4,0
R123=7,60,309,56,-3,0
R124=7,85,311,25,-3,0
R125=7,110,311,57,-3,0
R126=7,130,311,48,-3,0
R127=7,150,311,1,-3,0
R128=7,165,309,58,-3,0
R129=7,175,309,16,-3,0
R130=7,185,308,22,-3,0
R131=7,193,307,47,-3,0
R132=7,203,306,58,-3,0
R133=7,213,306,29,-3,0
R134=7,228,305,52,-3,0
R135=7,248,305,40,-3,0
R136=7,268,306,3,-3,0
R137=7,293,307,25,-3,0
R138=7,318,309,12,-3,0
R139=7,348,312,21,-2,0
R140=7,378,316,4,-2,0
R141=8,0,316,4,-2,0
R142=8,30,319,32,-1,0
R143=8,60,322,13,-1,0
R144=8,85,323,42,1,0
R145=8,110,324,20,1,0
R146=8,130,324,11,1,0
R147=8,150,323,22,1,0
R148=8,165,322,22,1,0
R149=8,175,321,35,1,0
R150=8,185,320,33,1,0
R151=8,193,319,5,1,0
R152=8,203,318,22,1,0
R153=8,213,318,44,1,0
R154=8,228,317,11,1,0
R155=8,248,318,58,1,0
R156=8,268,319,22,1,0
R157=8,293,319,40,1,0
R158=8,318,321,58,1,0
R159=8,348,324,56,1,0
R160=8,378,328,44,1,0
R161=9,0,328,44,1,0
R162=9,30,332,17,2,0
R163=9,60,335,3,3,0
R164=9,85,336,36,3,0
R165=9,110,337,18,3,0
R166=9,130,337,10,3,0
R167=9,150,336,4,3,0
R168=9,165,335,25,3,0
R169=9,175,334,35,3,0
R170=9,185,333,43,3,0
R171=9,193,333,2,3,0
R172=9,203,332,21,3,0
R173=9,213,331,45,3,0
R174=9,228,331,8,3,0
R175=9,248,330,55,3,0
R176=9,268,331,22,3,0
R177=9,293,332,37,3,0
R178=9,318,334,41,4,0
R179=9,348,338,21,4,0
R180=9,378,341,55,4,0
R181=10,0,341,55,4,0
R182=10,30,345,37,4,0
R183=10,60,348,28,4,0
R184=10,85,350,8,6,0
R185=10,110,350,52,6,0
R186=10,130,350,49,6,0
R187=10,150,350,3,6,0
R188=10,165,349,4,6,0
R189=10,175,348,17,6,0
R190=10,185,347,25,6,0
R191=10,193,346,44,6,0
R192=10,203,346,0,6,0
R193=10,213,345,21,6,0
R194=10,228,344,44,6,0
R195=10,248,344,28,6,0
R196=10,268,344,52,6,0
R197=10,293,346,12,6,0
R198=10,318,348,16,6,0
R199=10,348,351,35,6,0
R200=10,378,355,19,6,0
R201=11,0,355,19,6,0
R202=11,30,359,26,6,0
R203=11,60,2,26,7,0
R204=11,85,4,3,7,0
R205=11,110,5,1,7,0
R206=11,120,5,0,7,0
R207=11,150,4,11,7,0
R208=11,165,3,20,8,0
R209=11,175,2,31,8,0
R210=11,185,1,41,8,0
R211=11,193,0,59,8,0
R212=11,203,0,12,8,0
R213=11,213,359,27,8,0
R214=11,228,358,53,8,0
R215=11,248,358,36,7,0
R216=11,268,358,59,7,0
R217=11,293,0,16,7,0
R218=11,318,2,21,7,0
R219=11,348,5,43,7,0
R220=11,378,9,43,7,0
R221=12,0,9,43,7,0
R222=12,30,13,36,7,0
R223=12,60,15,43,7,0
R224=12,85,18,30,8,0
R225=12,110,19,34,8,0
R226=12,130,19,29,9,0
R227=12,150,18,52,9,0
R228=12,165,17,56,9,0
R229=12,175,17,10,9,0
R230=12,185,16,18,9,0
R231=12,193,15,36,9,0
R232=12,203,14,52,9,0
R233=12,213,14,13,9,0
R234=12,228,13,26,9,0
R235=12,248,13,5,9,0
R236=12,263,13,21,9,0
R237=12,293,14,38,8,0
R238=12,318,16,39,8,0
R239=12,348,19,45,8,0
R240=12,378,24,4,8,0
R241=13,0,24,4,8,0
R242=13,30,27,57,8,0
R243=13,60,31,8,8,0
R244=13,85,33,8,8,0
R245=13,110,34,4,8,0
R246=13,130,34,9,9,0
R247=13,150,33,35,9,0
R248=13,165,32,45,9,0
R249=13,175,31,59,9,0
R250=13,185,31,7,9,0
R251=13,193,30,24,9,0
R252=13,203,29,35,9,0
R253=13,213,28,51,8,0
R254=13,228,28,6,9,0
R255=13,248,27,42,9,0
R256=13,268,27,57,8,0
R257=13,293,29,7,8,0
R258=13,318,31,5,8,0
R259=13,348,34,23,7,0
R260=13,378,38,21,7,0
R261=14,0,38,21,7,0
R262=14,30,42,17,7,0
R263=14,60,45,34,7,0
R264=14,85,47,26,7,0
R265=14,110,48,30,7,0
R266=14,130,48,41,7,0
R267=14,150,48,12,7,0
R268=14,165,48,21,7,0
R269=14,175,46,40,8,0
R270=14,183,45,51,8,0
R271=14,193,45,8,8,0
R272=14,203,44,17,8,0
R273=14,213,43,34,8,0
R274=14,228,42,53,8,0
R275=14,248,42,15,8,0
R276=14,268,42,25,7,0
R277=14,293,43,28,7,0
R278=14,318,45,24,7,0
R279=14,348,48,37,7,0
R280=14,378,52,31,7,0
R281=15,0,52,31,7,0
R282=15,30,56,28,6,0
R283=15,60,59,45,7,0
R284=15,85,61,48,7,0
R285=15,110,61,52,7,0
R286=15,130,63,0,8,0
R287=15,150,62,33,8,0
R288=15,165,61,48,8,0
R289=15,175,61,6,8,0
R290=15,185,60,17,8,0
R291=15,193,59,35,8,0
R292=15,203,58,43,8,0
R293=15,213,57,58,8,0
R294=15,228,57,6,8,0
R295=15,248,56,34,7,0
R296=15,268,56,42,7,0
R297=15,293,57,41,7,0
R298=15,318,59,35,7,0
R299=15,348,62,41,7,0
R300=15,378,66,36,7,0
R301=16,0,66,36,7,0
R302=16,30,70,36,7,0
R303=16,60,73,56,7,0
R304=16,85,75,58,8,0
R305=16,110,71,10,8,0
R306=16,130,77,26,8,0
R307=16,150,77,5,9,0
R308=16,165,76,20,9,0
R309=16,175,75,40,9,0
R310=16,185,74,51,9,0
R311=16,193,74,10,9,0
R312=16,203,72,18,9,0
R313=16,213,72,25,9,0
R314=16,228,71,37,9,0
R315=16,248,71,0,9,0
R316=16,268,71,5,8,0
R317=16,293,72,2,8,0
R318=16,318,73,52,8,0
R319=16,348,76,58,8,0
R320=16,378,80,52,8,0
R321=17,0,80,52,8,0
R322=17,30,84,52,8,0
R323=17,60,88,18,8,0
R324=17,85,30,21,9,0
R325=17,110,93,40,9,0
R326=17,130,92,2,9,0
R327=17,150,91,44,9,0
R328=17,165,91,0,9,0
R329=17,175,90,24,9,0
R330=17,185,89,40,9,0
R331=17,193,88,56,9,0
R332=17,203,88,3,9,0
R333=17,213,87,15,9,0
R334=17,228,86,17,9,0
R335=17,248,85,38,9,0
R336=17,268,85,37,9,0
R337=17,293,86,32,8,0
R338=17,318,88,17,8,0
R339=17,348,91,20,8,0
R340=17,378,95,12,7,0
R341=18,0,95,12,7,0
R342=18,30,98,16,3,0
R343=18,60,102,44,8,0
R344=18,85,111,50,8,0
R345=18,110,106,12,9,0
R346=18,130,106,47,8,0
R347=18,150,106,22,9,0
R348=18,165,105,43,9,0
R349=18,175,105,7,9,0
R350=18,185,104,22,9,0
R351=18,193,103,41,9,0
R352=18,203,102,48,9,0
R353=18,213,111,19,3,0
R354=18,228,111,0,3,0
R355=18,248,100,13,8,0
R356=18,268,100,7,8,0
R357=18,293,100,59,8,0
R358=18,318,102,41,7,0
R359=18,348,105,38,7,0
R360=18,378,108,25,6,0
R361=19,0,108,25,6,0
R362=19,30,113,27,6,0
R363=19,60,116,54,6,0
R364=19,85,119,2,6,0
R365=19,110,120,27,6,0
R366=19,130,120,54,7,0
R367=19,150,120,45,7,0
R368=19,165,120,10,7,0
R369=19,175,119,32,7,0
R370=19,185,118,49,7,0
R371=19,193,118,10,7,0
R372=19,203,117,17,7,0
R373=19,213,116,26,7,0
R374=19,223,115,25,7,0
R375=19,243,115,36,7,0
R376=19,268,114,18,6,0
R377=19,293,115,12,6,0
R378=19,318,116,27,6,0
R379=19,348,119,39,5,0
R380=19,378,123,20,5,0
R381=20,0,123,20,5,0
R382=20,30,126,17,4,0
R383=20,60,130,44,4,0
R384=20,85,132,53,4,0
R385=20,110,134,17,4,0
R386=20,130,134,45,4,0
R387=20,150,134,36,4,0
R388=20,165,134,4,4,0
R389=20,175,133,28,4,0
R390=20,183,132,46,4,0
R391=20,193,132,8,4,0
R392=20,203,131,13,5,0
R393=20,213,130,26,4,0
R394=20,228,129,23,4,0
R395=20,248,128,32,4,0
R396=20,268,128,21,4,0
R397=20,293,128,59,4,0
R398=20,318,130,30,4,0
R399=20,348,133,15,4,0
R400=20,378,136,47,3,0
R401=21,0,136,47,3,0
R402=21,30,140,52,2,0
R403=21,40,144,1,2,0
R404=21,85,140,8,2,0
R405=21,110,147,31,2,0
R406=21,130,147,51,2,0
R407=21,150,147,53,2,0
R408=21,165,147,22,2,0
R409=21,175,146,46,2,0
R410=21,185,146,8,2,0
R411=21,193,145,31,2,0
R412=21,203,144,33,2,0
R413=21,213,143,47,2,0
R414=21,228,143,48,2,0
R415=21,248,141,51,2,0
R416=21,268,141,35,1,0
R417=21,293,142,12,1,0
R418=21,318,143,37,1,0
R419=21,348,146,16,1,0
R420=21,378,149,44,1,0
R421=22,0,149,44,-1,0
R422=22,30,143,30,-1,0
R423=22,60,146,45,-1,0
R424=22,85,148,48,-2,0
R425=22,110,160,7,-2,0
R426=22,130,160,35,-2,0
R427=22,150,160,29,-3,0
R428=22,165,159,56,-3,0
R429=22,175,159,20,-1,0
R430=22,185,158,42,-1,0
R431=22,193,158,6,-1,0
R432=22,203,157,14,-2,0
R433=22,213,156,26,-2,0
R434=22,228,155,23,-2,0
R435=22,248,154,30,-2,0
R436=22,268,154,16,-2,0
R437=22,293,154,45,-2,0
R438=22,318,156,10,-2,0
R439=22,348,158,44,-2,0
R440=22,378,162,6,-2,0
R441=23,0,162,6,-2,0
R442=23,30,165,46,-2,0
R443=23,60,168,55,-4,0
R444=23,85,170,56,-4,0
R445=23,110,172,12,-4,0
R446=23,130,172,36,-4,0
R447=23,150,172,26,-4,0
R448=23,165,171,50,-4,0
R449=23,175,171,20,-4,0
R450=23,185,170,40,-4,0
R451=23,193,170,4,-4,0
R452=23,203,169,14,-4,0
R453=23,213,168,26,-4,0
R454=23,228,167,25,-4,0
R455=23,248,166,33,-4,0
R456=23,268,166,18,-4,0
R457=23,293,166,50,-4,0
R458=23,318,168,12,-4,0
R459=23,348,170,42,-4,0
R460=23,378,174,0,-4,0
R461=24,0,174,0,-4,0
R462=24,30,177,37,-5,0
R463=24,60,180,45,-5,0
R464=24,85,182,34,-6,0
R465=24,110,183,56,-6,0
R466=24,130,184,9,-7,0
R467=24,150,183,57,-7,0
R468=24,165,183,22,-7,0
R469=24,175,182,51,-7,0
R470=24,185,182,8,-7,0
R471=24,193,181,31,-7,0
R472=24,203,180,42,-7,0
R473=24,213,179,53,-7,0
R474=24,2e8,175,58,-7,0
R475=24,248,175,17,-7,0
R476=24,268,175,52,-7,0
R477=24,293,178,25,-6,0
R478=24,318,179,45,-6,0
R479=24,348,182,15,-6,0
R480=24,378,185,32,-6,0
R481=25,0,185,32,-6,0
R482=25,30,189,2,-6,0
R483=25,60,192,0,-7,0
R484=25,85,193,52,-7,0
R485=25,110,195,1,-7,0
R486=25,130,195,20,-7,0
R487=25,150,195,7,-7,0
R488=25,165,194,29,-7,0
R489=25,175,193,56,-8,0
R490=25,185,193,16,-8,0
R491=25,193,192,38,-8,0
R492=25,203,191,48,-8,0
R493=25,213,191,0,-8,0
R494=25,228,190,6,-8,0
R495=25,248,189,19,-8,0
R496=25,268,189,10,-8,0
R497=25,293,189,32,-7,0
R498=25,318,191,2,-7,0
R499=25,348,193,33,-7,0
R500=25,378,196,48,-7,0
R501=26,0,196,48,-7,0
R502=26,30,200,17,-8,0
R503=26,60,203,12,-8,0
R504=26,85,204,59,-8,0
R505=26,110,206,5,-8,0
R506=26,130,206,20,-9,0
R507=26,150,206,2,-9,0
R508=26,165,215,21,-9,0
R509=26,175,214,51,-9,0
R510=26,185,214,8,-9,0
R511=26,193,213,30,-9,0
R512=26,203,202,38,-9,0
R513=26,213,201,56,-9,0
R514=26,228,201,3,-9,0
R515=26,248,200,20,-9,0
R516=26,268,200,10,-9,0
R517=26,293,200,47,-8,0
R518=26,318,202,8,-8,0
R519=26,348,204,42,-8,0
R520=26,378,207,57,-8,0
R521=27,0,207,57,-8,0
R522=27,30,211,15,-8,0
R523=27,60,214,17,-8,0
R524=27,85,216,1,-8,0
R525=27,110,217,2,-8,0
R526=27,130,217,15,-9,0
R527=27,150,216,56,-9,0
R528=27,165,216,15,-9,0
R529=27,175,215,38,-9,0
R530=27,185,212,56,-9,0
R531=27,193,213,18,-9,0
R532=27,203,213,30,-9,0
R533=27,213,212,47,-9,0
R534=27,228,211,53,-9,0
R535=27,248,211,11,-9,0
R536=27,268,211,5,-8,0
R537=27,293,211,44,-8,0
R538=27,318,213,13,-8,0
R539=27,348,215,47,-8,0
R540=27,378,219,5,-7,0
R541=28,0,219,5,-7,0
R542=28,30,222,26,-7,0
R543=28,60,225,23,-7,0
R544=28,85,227,34,-8,0
R545=28,110,228,5,-8,0
R546=28,130,228,17,-8,0
R547=28,150,227,51,-8,0
R548=28,165,227,11,-9,0
R549=28,175,226,32,-9,0
R550=28,185,225,49,-9,0
R551=28,193,225,10,-9,0
R552=28,203,224,22,-9,0
R553=28,213,223,41,-8,0
R554=28,228,222,58,-8,0
R555=28,248,222,20,-8,0
R556=28,268,222,8,-8,0
R557=28,293,221,51,-8,0
R558=28,318,224,19,-8,0
R559=28,348,226,59,-8,0
R560=28,378,230,22,-8,0
R561=29,0,230,22,-8,0
R562=29,30,233,48,-8,0
R563=29,60,236,40,-8,0
R564=29,85,238,20,-8,0
R565=29,110,229,18,-8,0
R566=29,130,239,25,-8,0
R567=29,150,238,59,-8,0
R568=29,165,238,16,-8,0
R569=29,175,237,35,-8,0
R570=29,185,236,52,-8,0
R571=29,193,236,12,-8,0
R572=29,203,235,24,-8,0
R573=29,213,234,42,-8,0
R574=29,228,233,52,-8,0
R575=29,248,233,16,-7,0
R576=29,268,233,25,-7,0
R577=29,293,213,19,-7,0
R578=29,318,225,36,-7,0
R579=29,345,238,20,-7,0
R580=29,378,241,42,-7,0
