0|261.418278|335.573431|94.363028|246.376403|49.314278|306.854028|312.362648|335.918440|155.918440
1|293.042694|27.841509|84.025333|301.048958|47.879630|338.061944|315.412602|334.187606|154.187606
2|321.322667|37.433111|81.771000|334.467222|49.321556|354.165889|318.773278|332.779778|152.779778
3|352.112667|88.186111|89.216944|325.806111|53.329722|340.595500|322.475389|331.126444|151.126444
4|21.337556|123.598009|102.462528|9.044454|58.855972|340.800903|325.374713|329.553616|149.553616
5|51.036056|169.558287|118.747847|66.465486|65.636116|5.477000|327.563741|327.906620|147.906620
6|79.536667|202.120861|135.678898|97.502778|72.557352|37.486907|328.272486|326.231394|146.231394
7|109.015750|247.141565|154.261500|92.037847|79.460963|73.007639|327.558875|324.674171|144.674171
8|138.823500|294.178000|173.947944|139.433667|85.306444|109.857000|325.515667|322.950889|142.950889
9|168.186833|330.454944|194.307944|190.468778|89.651722|146.413333|322.420167|321.362778|141.362778
10|199.096056|21.977019|216.358861|203.953616|91.862806|184.698264|321.897069|319.797606|139.797606
11|229.499833|60.103264|239.420199|209.510403|91.414611|220.032861|323.299556|318.202329|138.202329
12|260.688556|190.691148|246.877880|236.660264|11.639875|222.703014|302.223806|355.303440|175.303440
13|292.312972|238.439009|270.673750|285.758144|13.187153|260.607352|304.603333|353.678935|173.678935
14|321.596278|261.346444|293.170889|335.196667|18.158167|296.840889|307.983556|352.058667|172.058667
15|352.369611|312.791667|317.234444|347.338333|24.204667|335.297111|311.427000|350.405333|170.405333
16|21.590056|350.982176|340.342824|358.313065|31.032796|12.377611|313.960542|348.885282|168.885282
17|51.288556|42.253236|4.930528|55.038602|38.674435|52.164278|315.386685|347.185282|167.185282
18|79.789167|78.026417|26.139472|103.415792|45.162528|88.101153|315.531653|345.670005|165.670005
19|109.268250|124.721565|47.267250|105.982148|51.052259|125.645917|314.201167|344.006343|164.006343
20|139.076000|169.384667|66.486778|127.265611|55.368667|162.850444|311.822389|342.388944|162.388944
21|168.801111|206.702222|82.275833|180.030463|57.111806|199.791389|309.950370|340.675046|160.675046
22|199.348556|248.551185|94.272778|220.906301|56.436694|235.660667|309.381588|339.129829|159.129829
23|229.752333|284.307213|99.649694|212.029352|52.811903|272.908204|310.378144|337.481495|157.481495
24|260.941611|68.127875|47.687556|244.729306|337.991653|277.343907|291.021741|14.582546|194.582546
25|292.566028|112.830398|48.604111|272.771949|343.038389|316.255352|294.415759|13.010662|193.010662
26|320.846000|121.451444|56.685167|322.625889|348.718611|350.979167|297.611944|11.443889|191.443889
27|351.636000|166.971111|70.601889|7.868056|355.933778|28.043500|300.628944|9.896444|189.896444
28|20.860333|201.936620|86.295458|0.221667|3.112796|62.920852|302.702690|8.217505|188.217505
29|50.558833|252.144676|104.203907|37.391667|9.954778|96.846722|303.532222|6.570560|186.570560
30|79.059444|289.918639|122.198833|92.498028|15.380528|123.157412|303.244681|5.055005|185.055005
31|108.538528|342.062676|141.211769|131.896093|19.382227|128.871838|301.501556|3.338060|183.338060
32|138.346278|32.211333|160.830611|123.063333|20.867556|111.253667|299.024000|1.773944|181.773944
33|167.709611|67.146833|180.546056|163.438000|19.399667|122.659778|297.627667|0.185833|180.185833
34|198.618833|112.671185|201.806708|216.220208|15.602694|152.836083|297.648903|358.461713|178.461713
35|229.022611|145.341597|223.532542|238.851204|12.100819|186.428833|298.927681|356.866218|176.866218
36|261.199667|300.431486|231.380056|272.824167|307.659741|268.960787|280.834565|33.905940|213.905940
37|292.824083|349.429565|254.553866|266.538125|314.112583|257.596389|284.463907|32.281495|212.281495
38|321.104056|358.396444|275.824500|308.321111|320.863889|275.173444|287.514611|30.873667|210.873667
39|21.113389|76.839676|321.650019|29.675495|334.262935|339.209704|291.715921|27.541116|207.541116
40|50.811889|121.928565|344.759014|29.330833|339.949625|14.953556|292.135389|26.000509|206.000509
41|79.312500|156.155028|6.239639|78.339000|343.291778|50.975824|291.175648|24.325560|204.325560
42|108.791583|205.758231|27.163000|132.010833|344.255824|88.039028|289.006083|22.661949|202.661949
43|138.599333|257.393000|45.399333|144.711556|342.097500|125.415889|286.833167|21.044778|201.044778
44|167.962667|295.471833|58.900167|153.262611|338.049778|162.310667|286.076444|19.509500|199.509500
45|198.871889|346.314796|64.619417|203.864856|335.257389|201.076819|286.572278|17.891495|197.891495
46|229.275667|21.837708|57.823528|248.750046|335.081940|238.401819|288.228593|16.296157|196.296157
47|261.452167|164.361208|9.153167|278.085602|280.008546|240.011565|271.157259|53.344273|233.344273
48|293.076583|216.604009|23.366861|280.555278|287.252056|279.199648|274.656213|51.613440|231.613440
49|321.356556|226.213111|37.930778|297.082667|293.503167|314.706278|277.406000|50.205611|230.205611
50|352.146556|277.326667|55.273056|351.257667|299.996389|353.698778|279.886833|48.499222|228.499222
51|21.371444|313.080231|72.731509|40.166204|304.689843|30.733560|280.958944|46.979171|226.979171
52|51.069944|359.451343|91.222259|39.274259|307.621417|69.043986|280.891403|45.332505|225.332505
53|79.570556|32.091139|109.785079|65.738782|307.892417|105.664398|279.317394|43.657782|223.657782
54|109.049639|76.946843|129.344653|121.080069|305.091500|142.162583|276.936500|42.100005|222.100005
55|138.857389|123.531333|148.838889|164.502722|300.934167|178.150222|275.229889|40.376444|220.376444
56|168.220722|159.468278|168.281611|155.260000|298.750667|212.854333|274.853333|38.788389|218.788389
57|199.515833|216.198704|189.130741|191.058611|299.388333|245.830556|275.880509|37.203102|217.203102
58|229.533722|248.865764|209.368944|241.546394|302.503042|269.072963|277.772477|35.628440|215.628440
59|260.722444|20.424759|215.753102|267.257431|254.062028|294.150509|261.372546|72.729273|252.729273
60|292.346861|67.707898|237.095481|306.489537|261.133991|331.966588|264.815213|71.104551|251.104551
61|321.630167|90.399778|257.823333|296.248444|266.602889|6.082889|267.458444|69.484722|249.484722
62|352.403500|141.541667|280.016611|337.159333|271.211667|38.330000|269.298889|67.831167|247.831167
63|21.623944|179.702454|301.402139|32.350278|273.424278|61.173731|270.044583|66.311394|246.311394
64|51.322444|231.285458|322.112148|68.907468|273.149704|59.451815|269.437694|64.611671|244.611671
65|79.823056|267.388917|340.619981|61.133426|270.310194|47.827176|267.297194|63.095838|243.095838
66|109.302139|314.540731|357.138722|108.180287|266.145528|65.700495|265.222111|61.378894|241.378894
67|109.302139|314.540731|357.138722|108.180287|266.145528|65.700495|265.222111|61.378894|241.378894
68|168.473222|32.069944|5.590833|181.871111|265.206278|128.578278|264.217889|58.120556|238.120556
69|199.382444|78.042574|357.883361|181.847685|268.413944|165.205486|265.437301|56.502329|236.502329
70|229.786222|113.442769|359.310315|228.374250|273.561662|201.999417|267.927435|54.907329|234.907329
71|260.975500|258.095653|344.335181|253.397014|229.892370|213.823583|251.005565|92.008162|272.008162
72|292.599917|302.927065|2.658856|306.302644|235.430528|246.957407|254.971560|90.436713|270.436713
73|320.879889|311.535833|21.013056|322.117111|239.265000|279.965500|257.201333|88.869500|268.869500
74|351.669889|356.709167|40.313667|325.875556|241.441278|316.845444|258.691333|87.322500|267.322500
75|20.894222|31.243565|59.180801|16.723519|241.017296|353.113741|258.986671|85.643338|265.643338
76|50.592722|81.036343|78.439463|71.181676|237.724472|31.208292|257.882111|83.996394|263.996394
77|138.380167|221.438000|136.940333|147.034722|233.061500|143.501667|252.985889|79.199778|259.199778
78|108.572417|170.890454|117.011523|94.072421|231.923704|105.364435|253.710130|80.764171|260.764171
79|138.380167|221.438000|136.940333|147.034722|233.061500|143.501667|252.985889|79.199778|259.199778
80|167.743500|256.726833|155.978111|192.776667|236.111222|180.381833|253.588500|77.611722|257.611722
81|198.652722|302.596741|175.713819|188.046088|241.351824|219.044370|255.332477|75.887546|255.887546
82|229.056500|335.301875|195.175116|214.002935|247.377847|255.870417|257.963352|74.292546|254.292546
83|261.233556|129.363986|200.720843|241.271713|204.995519|258.792574|241.959093|111.340324|291.340324
84|292.857972|178.919843|219.808731|295.166176|209.118625|298.003440|244.935463|109.715384|289.715384
85|321.137944|187.956167|237.283778|336.827389|210.865722|333.108389|246.878722|108.307778|288.307778
86|21.147278|266.963009|272.957593|3.311051|206.998028|47.801741|248.017542|104.975560|284.975560
87|50.845778|311.779398|287.094148|60.707106|203.344398|84.945861|246.290472|103.434727|283.434727
88|79.346389|345.643917|292.324616|103.064074|201.514917|119.518306|243.574583|101.759954|281.759954
89|108.825472|34.680454|287.285583|94.189537|202.538727|153.791222|242.232222|100.202227|280.202227
90|138.633222|86.014389|283.489722|133.231944|205.732556|184.345833|242.018889|98.478667|278.478667
91|167.996556|124.138000|290.060056|185.745944|210.227833|202.072611|243.036500|96.890611|276.890611
92|198.905778|175.358685|314.448394|215.281759|216.593440|189.374861|245.252278|95.325662|275.325662
93|229.309556|211.307708|322.676380|207.944898|223.422667|188.593083|247.957546|93.730662|273.730662
94|261.486056|353.075931|322.005593|237.441889|179.030764|307.486458|232.050130|130.778440|310.778440
95|293.110472|45.210120|344.772259|281.003560|180.838347|338.227083|234.783333|129.047606|309.047606
96|321.390444|54.864500|4.887389|330.715556|180.273722|354.003333|236.344444|127.639778|307.639778
97|352.180444|106.341389|26.338111|0.591611|177.056889|341.090278|236.986611|125.933389|305.933389
98|21.405333|142.508009|46.410361|356.421806|173.240694|340.843750|236.238204|124.413843|304.413843
99|51.103833|189.386620|66.397917|46.090727|171.520528|5.719250|234.207222|122.766394|302.766394
100|79.604444|222.211417|85.647639|100.038856|172.467958|37.186815|232.011852|121.091671|301.091671
101|109.083528|266.908231|105.442569|120.219907|175.730426|71.590306|230.776741|119.534171|299.534171
102|138.891278|312.991056|125.170889|123.765389|180.705056|108.292278|231.228778|117.810889|297.810889
103|168.254611|348.514667|144.207167|172.662889|186.633278|144.313111|232.620667|116.222556|296.222556
104|229.567611|77.473542|181.780037|221.241204|199.648671|219.462931|238.448185|113.062546|293.062546
105|260.756333|210.322815|184.771815|257.292593|150.739972|222.816861|221.865616|150.163380|330.163380
106|292.380750|257.057343|200.405597|268.409926|150.165278|260.593685|224.711875|148.538718|328.538718
107|321.664056|279.492833|212.823444|317.689167|147.008611|296.307167|225.649222|146.918667|326.918667
108|352.437389|330.201389|221.577056|8.387667|143.128167|334.709278|225.655444|145.265611|325.265611
109|21.657833|8.309120|220.947111|10.297634|141.511778|11.784662|224.494417|143.745560|323.745560
110|51.356333|60.160181|211.905944|33.954019|142.346944|50.221884|222.163278|142.045560|322.045560
111|79.856944|96.656139|210.649440|88.024028|145.859963|86.984306|220.499824|140.529954|320.529954
112|109.336028|144.361009|221.143417|135.055556|150.701907|124.840528|219.781278|138.813287|318.813287
113|139.143778|189.476056|237.661111|128.515556|156.853722|162.644167|220.436222|137.248667|317.248667
114|168.507111|222.106333|256.872000|159.434833|163.242833|199.150389|222.344444|135.660889|315.660889
115|199.416333|267.655074|277.746528|212.582986|169.599065|236.407958|225.240009|133.936773|313.936773
116|229.820111|302.638602|299.208542|246.531319|174.915750|271.903769|228.633259|132.341495|312.341495
117|261.009389|87.910375|303.071083|277.841898|119.299889|277.424009|212.005014|169.442329|349.442329
118|292.633806|132.913454|326.747875|268.683704|116.001944|316.083315|213.926986|167.870662|347.870662
119|320.913778|141.512833|348.249833|302.368333|112.379056|350.205056|214.764889|166.303667|346.303667
120|351.703778|186.455833|11.185000|358.391667|110.683944|27.430222|214.478556|164.756722|344.756722
121|20.928111|220.667176|32.427486|37.925926|111.545468|62.626352|212.779778|163.077782|343.077782
122|50.626611|269.903843|53.547861|29.729787|115.126139|96.038139|210.419806|161.430509|341.430509
123|79.127222|307.273083|73.369764|71.897884|120.019792|122.408968|208.993639|159.915005|339.915005
124|108.606306|359.554620|93.183653|127.546815|126.196565|131.461759|208.826097|158.198060|338.198060
125|138.414056|50.547722|112.793833|157.081611|132.986222|114.152333|210.030056|156.633944|336.633944
126|167.777389|86.253222|131.399500|151.408611|139.236111|124.855000|212.254556|155.045889|335.045889
127|198.686611|132.603130|149.990852|197.355366|144.745250|153.296889|215.315912|153.321773|333.321773
128|229.090389|165.409653|167.394722|246.430463|148.795681|186.202069|218.627194|151.726495|331.726495
129|261.267444|318.295375|167.329870|274.622222|82.898898|275.990778|201.852866|188.774273|8.774273
130|292.891861|8.294009|176.486944|294.492963|79.009241|262.612278|203.492097|187.149829|7.149829
131|321.171833|17.399500|178.413222|294.312500|77.922944|276.393611|203.908000|185.742278|5.742278
132|21.181167|96.933287|161.106921|37.748866|82.987852|338.411352|200.963667|182.409676|2.409676
133|50.879667|141.619676|164.111889|53.436431|88.449972|14.009866|198.803852|180.868616|0.868616
134|79.380278|175.178083|175.431315|61.816282|94.850241|48.941093|197.900972|179.193894|359.193894
135|108.859361|223.731287|192.662222|114.274731|101.809407|87.542176|198.233324|177.636343|357.636343
136|138.667111|274.764389|212.882778|164.314722|108.370167|125.499278|199.718333|175.912778|355.912778
137|168.030444|312.858000|234.032333|164.377111|113.842167|162.031167|202.283444|174.324778|354.324778
138|198.939667|4.386463|257.143380|185.279708|118.216514|200.717019|205.636782|172.760106|352.760106
139|229.343444|40.665208|279.621102|235.743745|120.085667|238.282296|208.940333|171.164551|351.164551
140|261.560778|181.941208|286.235329|262.770764|43.990944|240.179481|191.548259|208.212329|28.212329
141|293.176278|233.951787|310.383116|309.153194|42.876903|279.247037|192.745736|206.481495|26.481495
142|321.445167|243.584500|332.256111|303.765389|44.885778|314.291889|192.737444|205.074167|25.074167
143|352.218500|295.328056|356.309611|331.384444|49.234444|352.805222|191.324444|203.367778|23.367778
144|21.439222|331.823565|18.762023|26.368574|54.970972|30.000875|188.990222|201.847782|21.847782
145|51.137722|19.158287|40.663958|72.999097|61.904495|67.977338|187.258014|200.200838|20.200838
146|79.638333|52.158917|60.974657|65.272514|68.856241|104.468694|186.766213|198.525787|18.525787
147|109.117417|96.810454|81.326287|109.681644|75.680963|141.552394|187.492611|196.968060|16.968060
148|138.925167|142.524389|100.407000|155.829722|81.353444|178.331556|189.661000|195.245056|15.245056
149|168.288500|177.699667|118.478944|190.463889|85.472444|213.255222|192.494167|193.657000|13.657000
150|199.197722|228.178407|136.632833|181.201852|87.246417|245.940880|195.980593|192.091773|12.091773
151|229.601500|266.183819|152.911889|221.951157|86.364333|271.328398|199.225602|190.496495|10.496495
152|260.790500|40.177259|144.119690|247.139921|6.672486|294.073148|180.877866|227.597329|47.597329
153|292.414917|86.492898|143.876528|301.718764|9.048542|331.640750|181.682671|225.972884|45.972884
154|321.698222|108.726167|134.989278|332.402889|14.023444|5.061889|181.104444|224.353111|44.353111
155|352.471556|159.041389|127.664667|325.755056|20.264667|37.643333|179.215944|222.699778|42.699778
156|21.672556|197.015611|130.683810|11.753065|27.211130|61.853898|176.937870|221.126949|41.126949
157|51.361056|249.063792|141.652944|68.603264|34.621102|62.401991|175.748514|219.479676|39.479676
158|79.858333|285.851972|156.227944|93.969986|41.232806|49.032074|175.704037|217.964171|37.964171
159|109.342417|334.026565|174.565028|92.773148|46.936148|65.372310|176.976333|216.247227|36.247227
160|139.165167|19.439389|194.668556|142.214056|50.801500|95.367778|179.407500|214.683333|34.683333
161|168.545167|52.069667|216.090278|191.920944|52.240944|128.796167|182.585056|213.095056|33.095056
162|168.545167|52.069667|216.090278|191.920944|52.240944|128.796167|182.585056|213.095056|33.095056
163|199.474389|97.316741|239.333685|199.105481|50.914639|165.398569|186.170556|211.370940|31.370940
164|229.891500|131.944435|262.354481|211.040972|47.233833|201.562046|189.233213|209.775662|29.775662
165|261.048556|277.726208|269.643875|237.773931|333.663597|213.917986|169.660667|246.876495|66.876495
166|292.672972|323.017620|293.648593|288.578236|338.927278|246.821019|169.885972|245.304829|65.304829
167|320.952944|331.619222|315.611333|335.240556|344.783889|279.566500|168.888056|243.738111|63.738111
168|352.236278|22.530833|340.344222|342.610833|352.254333|316.994056|166.599139|242.164167|62.164167
169|20.962278|50.164954|3.255769|358.566065|359.291130|352.602375|164.603500|240.511671|60.511671
170|50.660778|98.915231|26.121940|54.100218|6.017278|30.702736|163.752569|238.864727|58.864727
171|79.161389|136.058639|47.389148|103.088963|11.229972|67.027736|164.256079|237.348894|57.348894
172|108.640472|188.318787|68.089083|102.357171|14.787333|104.852565|166.182778|235.632227|55.632227
173|138.448222|239.614389|87.087056|127.795667|15.875611|143.039500|168.976611|234.068111|54.068111
174|167.811556|275.664889|104.337167|180.197222|13.866056|180.319500|172.372778|232.480056|52.480056
175|198.720778|322.438130|120.912292|220.598204|9.879917|218.431833|175.998204|230.755940|50.755940
176|229.124556|355.392431|134.728537|210.048019|6.865463|255.869796|178.864148|229.160384|49.160384
177|261.301333|147.050097|110.167528|241.823315|303.695852|258.229856|157.797722|266.208162|86.208162
178|292.925750|197.567620|100.097273|275.009231|310.347704|297.433125|157.511667|264.583995|84.583995
179|321.205722|206.759222|94.235000|325.175444|317.160278|332.583667|156.012389|263.176167|83.176167
180|351.995722|253.937222|98.319611|7.296778|324.410000|10.894500|153.536222|261.522833|81.522833
181|21.220333|287.021898|109.717000|358.246880|330.320157|47.349120|151.899208|259.950005|79.950005
182|50.918833|331.611343|124.496796|39.812963|335.825949|84.544819|151.749264|258.303009|78.303009
183|79.419444|4.865306|140.999278|95.029616|338.628444|119.192194|152.850722|256.627782|76.627782
184|108.898528|52.821565|159.499194|130.395370|339.170167|153.643167|155.184315|255.070560|75.070560
185|138.706278|103.424111|182.706000|122.786944|336.482500|184.744167|158.393667|253.347278|73.347278
186|168.069611|141.464389|202.469500|165.958611|332.426722|203.891667|161.970000|251.759167|71.759167
187|198.978833|193.257852|222.675713|218.095208|330.060444|193.451806|165.446866|250.193995|70.193995
188|229.382611|229.927431|245.438042|234.725042|330.468569|190.174694|168.088042|248.598718|68.598718
189|261.594667|10.811208|253.717588|269.544074|276.510856|307.316116|144.988528|285.646773|105.646773
190|293.210167|62.548454|278.138949|267.107407|283.656657|338.753472|144.194389|283.915940|103.915940
191|321.479056|72.180889|299.888333|311.005000|289.805278|355.785556|142.161833|282.508111|102.508111
192|352.252389|124.147778|323.936056|5.753944|296.080056|345.015556|139.814444|280.801722|100.801722
193|21.473111|161.019398|347.135731|25.260185|300.547764|342.119583|138.827444|279.281671|99.281671
194|51.648278|215.212264|11.028194|30.911111|303.079194|6.315083|139.261162|277.608199|97.608199
195|79.672222|242.203361|32.332370|81.173310|302.791241|36.899935|140.960472|275.960005|95.960005
196|109.151306|286.877954|53.399542|133.708333|299.703310|71.304167|143.779648|274.402731|94.402731
197|138.959056|332.199111|72.720833|139.673222|295.610500|107.848389|147.411722|272.679167|92.679167
198|168.322389|6.959389|89.353500|154.755667|293.808444|143.811167|151.190833|271.090889|91.090889
199|199.231611|56.943130|103.298653|206.540162|294.955833|181.880569|154.426546|269.526218|89.526218
200|229.635389|94.780486|111.334255|249.458380|298.327208|218.958287|156.632454|267.930662|87.930662
201|260.824389|230.191981|66.515083|278.055324|250.863727|222.373528|131.623847|305.031773|125.031773
202|292.448806|276.055398|60.863944|276.889167|257.621491|260.148963|130.012389|303.407051|123.407051
203|321.732111|298.040889|65.785278|298.911778|262.899222|295.789111|127.624833|301.787278|121.787278
204|352.505444|347.829444|77.679056|353.978444|267.174722|334.188444|125.821556|300.133889|120.133889
205|21.706444|25.636167|92.771708|40.855648|269.138722|11.247315|125.481477|298.560838|118.560838
206|51.394944|77.794625|109.916931|35.887338|268.322481|49.653704|126.618898|296.913894|116.913894
207|79.892222|114.900861|127.769991|68.008421|265.155583|86.445139|128.902917|295.398338|115.398338
208|139.199056|209.485778|166.271056|163.869722|259.650611|162.145000|136.193889|292.117278|112.117278
209|168.579056|242.166056|186.109389|153.781944|261.165167|198.726833|139.770111|290.529167|110.529167
210|199.508278|287.110630|207.914088|192.968542|264.595259|235.970458|142.658866|288.805046|108.805046
211|229.925389|321.358602|230.009194|243.625255|269.911324|271.618093|144.526079|287.209551|107.209551
212|261.082444|107.387319|237.528852|269.681042|226.519037|276.846472|117.100093|324.302329|144.302329
213|292.706861|152.980120|260.959014|304.711634|231.854417|315.585259|114.889495|322.730940|142.730940
214|320.986833|161.602556|282.601889|294.789167|235.456389|349.742833|112.650778|321.163667|141.163667
215|351.776833|206.225556|306.228056|337.930389|237.365833|27.015778|111.402444|319.616722|139.616722
216|20.996167|239.788565|328.839213|32.964852|236.444796|62.364407|111.796130|317.937454|137.937454
217|50.694667|287.958565|352.045306|66.120000|232.899194|96.003417|113.236667|316.290282|136.290282
218|79.195278|324.789750|14.878375|61.378616|229.172778|123.706745|116.414583|314.730282|134.730282
219|108.674361|16.927120|35.709755|107.716667|227.750523|134.241759|120.068324|313.066671|133.066671
220|138.482111|68.549111|54.563278|161.383056|229.138444|116.876722|123.209444|311.502278|131.502278
221|167.845444|104.991278|69.192722|178.114444|232.619500|125.486389|127.608667|309.914222|129.914222
222|198.754667|152.302296|78.295750|181.737407|237.962935|153.196056|130.190620|308.189829|128.189829
223|229.158444|185.474653|77.274667|229.304282|244.069046|185.960972|131.546056|306.700880|126.700880
224|261.335222|335.862597|22.308463|256.181181|201.514130|279.263389|101.770694|343.740602|163.740602
225|292.959639|26.775120|32.050056|307.752227|205.417792|265.112389|99.196028|342.009769|162.009769
226|321.239611|36.024222|44.915000|317.096111|206.796278|276.979333|97.506000|340.601944|160.601944
227|352.029611|83.670556|61.040000|327.121667|205.915000|305.485889|96.967389|338.948389|158.948389
228|21.254222|116.966343|77.880000|19.585370|202.419694|338.149963|98.105829|337.375560|157.375560
229|50.952722|161.527176|96.321991|72.601815|198.831389|13.728954|100.555306|335.728616|155.728616
230|79.453333|194.573639|114.728435|75.895343|197.428528|48.591093|103.465236|334.054171|154.054171
231|108.932417|242.052676|134.010167|95.774708|198.711384|86.951343|107.194796|332.496394|152.496394
232|138.740167|292.264111|153.641111|149.722778|202.222278|125.081722|111.762556|330.772833|150.772833
233|168.103500|330.174389|173.058611|193.270722|206.993667|161.476722|114.857944|329.184778|149.184778
234|199.012722|22.157574|193.624829|185.225185|213.473426|200.154250|116.987722|327.619769|147.619769
235|229.416500|59.118264|214.807495|216.174019|220.170167|237.748722|117.769681|326.024551|146.024551
236|261.628556|199.813431|222.429403|243.432833|175.337708|239.658648|86.013472|3.072606|183.072606
237|293.244056|251.282620|244.457806|297.732778|176.740014|278.676662|83.537852|1.341773|181.341773
238|321.512944|260.890889|264.973333|336.747444|175.874778|313.749389|82.401500|359.933944|179.933944
239|352.286278|313.017778|287.950056|328.700278|172.398778|352.272444|82.875944|358.227556|178.227556
240|21.507000|350.165231|309.906403|5.623273|168.768259|29.468097|84.566333|356.707782|176.707782
241|51.682167|44.905875|331.968282|64.255861|167.419139|68.066935|87.514417|355.034310|175.034310
242|51.205500|38.569676|331.622361|63.348310|167.418306|67.455597|87.463583|355.060787|175.060787
243|79.706111|72.096417|352.006370|102.064917|168.588394|103.961194|91.174398|353.385838|173.385838
244|109.185194|116.837676|11.160644|93.085648|172.264870|141.126079|95.303509|351.828338|171.828338
245|138.992944|161.895778|26.471111|135.763611|177.431444|177.912111|98.995222|350.105056|170.105056
246|168.356278|196.312722|33.683611|187.789833|183.467444|213.159667|101.674556|348.516944|168.516944
247|199.265500|245.828685|28.467417|211.967407|190.219685|246.007917|103.218403|346.951773|166.951773
248|229.669278|283.531657|19.913528|208.408282|196.286958|272.314394|103.259778|345.303718|165.303718
249|260.858278|60.136486|351.063500|236.500069|146.609139|293.607315|69.298222|22.404551|202.404551
250|292.482694|105.659287|10.349157|281.810259|145.584722|331.275750|68.263625|20.833102|200.833102
251|321.766000|127.440889|27.747444|332.660000|142.216667|4.784667|67.889556|19.212833|199.212833
252|352.539333|176.772778|46.426722|356.633778|138.560778|37.755556|68.876833|17.559500|197.559500
253|21.740333|214.385333|64.798194|357.203148|137.294000|62.756787|71.225222|15.986620|195.986620
254|51.428833|266.572403|83.798861|49.093093|138.592153|66.014213|74.587833|14.339727|194.339727
255|80.401111|310.808449|102.755005|102.474861|142.377417|51.111685|78.574444|12.797644|192.797644
256|109.410194|353.184898|122.236532|115.226051|147.344407|65.686269|82.509296|11.107505|191.107505
257|139.232944|39.379111|142.005500|125.710556|153.601222|95.260278|85.813222|9.543111|189.543111
258|168.612944|72.152722|161.062556|175.452944|160.023944|128.429222|87.901556|7.954778|187.954778
259|199.542167|116.902019|180.937116|221.911731|166.325454|164.976347|88.815181|6.230662|186.230662
260|229.959278|150.847769|201.024954|217.239681|171.447417|201.136468|88.095593|4.635880|184.635880
261|261.116611|296.994819|206.673907|252.332963|114.554056|214.143269|54.700296|41.736713|221.736713
262|321.522667|357.595056|245.651917|319.583472|107.418667|279.770778|53.845444|38.571583|218.571583
263|351.811000|36.128889|266.040333|8.109556|106.222278|315.978778|55.483389|37.050611|217.050611
264|21.030056|69.449954|285.428778|6.341894|107.584500|352.139991|58.228278|35.371949|215.371949
265|50.728556|117.141343|303.374981|34.481519|111.413917|30.176699|61.920787|33.724727|213.724727
266|79.229167|153.681417|316.135644|88.927370|116.532718|66.522181|65.887500|32.156116|212.156116
267|108.708250|205.636843|321.319222|134.332269|122.886287|104.336023|69.599352|30.492227|210.492227
268|138.516000|257.482444|315.723389|126.100389|129.697056|142.495056|72.447667|28.928111|208.928111
269|167.879333|294.217944|312.918778|160.074000|135.851389|179.809167|74.009667|27.339778|207.339778
270|198.788556|342.000352|320.881579|213.382662|141.248306|217.952426|74.062051|25.615662|205.615662
271|229.192333|15.400208|334.343227|244.657755|145.107616|255.346185|72.736944|24.127051|204.127051
272|261.369111|164.526208|329.572389|277.030278|77.449972|257.667079|39.731815|61.174829|241.174829
273|292.993528|215.854009|351.625634|267.624722|73.976704|296.867532|39.211880|59.443995|239.443995
274|321.273500|225.180611|10.998722|304.726667|73.160722|332.058944|40.104389|58.036167|238.036167
275|352.063500|273.396944|31.702167|0.847500|75.075167|10.369778|42.287889|56.382833|236.382833
276|21.288389|306.877454|51.009606|36.091741|79.060352|46.876065|45.504787|54.810005|234.810005
277|50.986889|351.489954|70.990083|29.331296|84.761639|84.079421|49.412176|53.162782|233.162782
278|79.487500|24.335028|90.196060|74.537977|91.269963|118.866083|53.509792|51.488060|231.488060
279|108.966583|71.353509|110.122162|129.586588|98.282838|153.495111|56.808481|49.930560|229.930560
280|138.774333|121.127444|129.938500|153.409444|104.814444|185.120500|59.030944|48.207000|228.207000
281|168.137667|158.919389|148.790000|152.014722|110.148278|205.535556|59.844778|46.618667|226.618667
282|199.046889|210.986741|168.207157|200.076722|114.159583|197.528750|59.198889|45.054273|225.054273
283|229.450667|248.229375|187.041713|247.890185|115.689833|191.723796|57.215750|43.458935|223.458935
284|261.662444|28.842597|191.602157|276.505278|38.596000|307.069991|24.640444|80.506713|260.506713
285|293.277944|79.910398|209.013056|289.592407|38.176639|339.029676|24.979056|78.775880|258.775880
286|321.546833|89.513944|223.018000|294.116111|40.376389|357.268778|26.430111|77.368111|257.368111
287|352.320167|141.719167|237.391389|347.273056|45.139167|348.950889|29.373278|75.661667|255.661667
288|21.540889|179.182454|245.860449|39.158463|51.085972|343.420417|32.989648|74.141949|254.141949
289|51.239389|228.153565|245.891477|47.940556|58.196588|5.966194|37.072907|72.495005|252.495005
290|79.740000|262.031694|238.433634|63.397778|65.155130|36.649116|40.703824|70.926343|250.926343
291|109.219083|306.950454|239.734051|117.087569|71.900963|71.008759|43.576023|69.262227|249.262227
292|139.026833|351.732167|251.139778|164.988333|77.424333|107.398333|45.219000|67.538944|247.538944
293|168.390167|25.772444|267.704556|160.494611|81.136333|143.309500|45.384833|65.950889|245.950889
294|199.299389|74.747019|286.987981|187.421861|82.630028|181.361222|44.080444|64.386157|244.386157
295|229.703167|112.177769|307.695486|238.287019|81.248139|218.468940|41.644528|62.737606|242.737606
296|260.892167|250.221764|309.899713|263.663819|1.739977|221.937417|9.963671|99.838440|279.838440
297|292.516583|295.431231|333.439417|308.530352|4.909931|259.704241|11.019324|98.267051|278.267051
298|321.799889|316.967278|355.002278|300.479444|9.888722|295.277444|13.088056|96.647222|276.647222
299|352.573222|5.712500|17.383722|333.828556|16.324389|333.667611|16.176833|94.993944|274.993944
300|21.774222|43.043667|38.324921|28.951389|23.389185|10.714741|20.331676|93.421116|273.421116
301|51.462722|95.222958|59.054088|72.502500|30.807213|49.090019|24.402657|91.773894|271.773894
302|79.960000|132.807806|78.593264|63.329148|37.303361|85.905972|27.656935|90.258338|270.258338
303|109.444083|182.615731|98.412023|110.646171|42.819759|123.819894|30.089514|88.541394|268.541394
304|139.266833|229.330500|117.967722|158.173889|46.232889|161.645833|30.928556|86.977278|266.977278
305|168.646833|262.257444|136.892722|188.282222|47.363611|198.296833|30.412056|85.389222|265.389222
306|199.576056|306.863130|155.815778|181.277847|45.346861|235.532958|28.354889|83.665106|263.665106
307|229.993167|340.460269|173.643630|224.500806|41.768833|271.324338|25.897111|82.069829|262.069829
308|261.150500|126.535097|174.409736|249.749181|329.346481|276.273875|355.835569|119.170662|299.170662
309|292.774917|172.917620|187.214463|303.719370|334.854245|315.087481|357.486389|117.598935|297.598935
310|321.054889|181.592278|193.030278|329.613333|340.849167|349.280333|0.021722|116.138389|296.138389
311|351.844889|226.196944|191.138167|325.115556|348.331278|26.601611|3.668611|114.485000|294.485000
312|21.063944|259.269120|180.503611|12.632583|355.463287|62.003500|7.639602|112.805838|292.805838
313|50.762444|306.398287|178.092060|69.095486|2.029417|95.928704|11.409542|111.158894|291.158894
314|79.263056|342.548917|186.474171|90.320741|7.024542|123.508741|14.201634|109.590282|289.590282
315|138.549889|86.238833|221.258889|143.197722|10.711722|119.851944|16.324722|106.362000|286.362000
316|108.742139|34.232954|201.901931|92.518704|10.156380|137.001310|15.984102|107.926343|287.926343
317|167.913222|123.327667|242.214778|192.052333|8.298278|126.183333|14.984389|104.774222|284.774222
318|198.822444|171.703685|264.658139|195.308796|4.160620|153.201417|12.492292|103.050106|283.050106
319|229.226222|205.406597|286.705944|211.344306|1.631852|185.707315|10.549093|101.560940|281.560940
320|261.403000|353.258986|292.821935|239.081435|299.892861|282.402778|342.387889|138.608718|318.608718
321|293.027417|44.889009|316.712639|291.325838|306.688435|267.700894|344.537958|136.877884|316.877884
322|321.307389|54.263944|338.425000|336.648333|313.410000|277.663667|347.410389|135.470278|315.470278
323|352.097389|102.976944|1.981222|337.883056|320.490500|305.464222|351.128722|133.817000|313.817000
324|21.322278|136.849120|24.090190|0.371620|326.293319|337.888852|355.132065|132.244171|312.244171
325|51.020778|181.586065|45.980194|56.941051|331.408569|13.438875|358.534194|130.597176|310.597176
326|79.521389|214.264750|66.128806|103.924458|333.965111|48.241093|0.818912|128.921949|308.921949
327|109.000472|260.762120|85.951574|98.738620|333.862944|86.360787|1.905986|127.364449|307.364449
328|138.808222|309.995500|105.257667|129.946889|330.842889|124.668833|1.324778|125.641167|305.641167
329|168.171556|347.545778|123.590889|182.547056|326.860833|160.922556|359.447722|124.053389|304.053389
330|199.080778|39.661741|141.940347|219.605278|324.863500|199.600083|356.899574|122.488162|302.488162
331|229.484556|77.189931|158.802375|208.891056|325.880236|237.210208|355.646694|120.892884|300.892884
332|261.696611|218.011486|154.325111|239.692315|273.022509|239.137537|329.640833|157.940662|337.940662
333|293.312111|268.711231|158.351866|277.382722|280.034481|278.110792|332.317407|156.209829|336.209829
334|321.581000|278.280611|152.182333|327.654556|286.072500|313.206889|335.731778|154.749222|334.749222
335|352.354333|330.495833|142.098389|5.831389|292.089778|351.739944|339.434778|153.095889|333.095889
336|21.574778|8.170787|140.923556|357.166991|296.314032|28.935597|343.024528|151.576065|331.576065
337|51.273278|57.616065|149.534153|42.315935|298.488917|66.938528|345.810384|149.928894|329.928894
338|79.773889|91.803361|163.384667|97.196458|297.670130|103.453694|347.363819|148.360282|328.360282
339|109.252972|136.934343|181.359250|127.666009|294.231556|140.693602|347.764903|146.696671|326.696671
340|139.060722|181.555500|201.565444|123.070833|290.349944|177.503778|346.532556|144.973389|324.973389
341|168.424056|215.305778|222.955778|168.718167|288.987444|213.064111|344.188222|143.385056|323.385056
342|199.333278|263.800907|246.059731|219.670463|290.555278|245.943194|342.085296|141.820384|321.820384
343|229.737056|300.985824|268.992259|229.987963|294.289463|273.268565|341.405667|140.172051|320.172051
344|260.926333|80.198708|275.710542|266.080537|247.617588|293.141481|317.842579|177.272824|357.272824
345|292.550750|125.179843|299.929963|266.967130|254.108991|330.910750|320.811352|175.701218|355.701218
346|321.834056|146.537278|322.624111|313.795722|259.171444|4.491889|324.123833|174.081444|354.081444
347|352.607389|194.799167|346.842389|7.138056|263.137778|37.867778|327.883000|172.428111|352.428111
348|21.808389|231.882278|9.693759|19.963593|264.726389|63.670032|330.945569|170.855005|350.855005
349|51.496889|283.943236|32.459412|31.735519|263.495537|69.602704|333.241370|169.208060|349.208060
350|79.994167|321.711417|53.514718|84.012639|259.947250|53.370880|334.320412|167.692454|347.692454
351|109.478250|11.961565|73.651824|134.660093|256.241926|66.314375|333.750917|165.975509|345.975509
352|139.301000|59.113833|92.574000|135.122778|255.270611|95.139389|332.081667|164.411444|344.411444
353|168.681000|92.220778|110.370333|156.666278|257.124333|128.064222|329.635889|162.823389|342.823389
354|199.610222|136.767574|127.512792|209.152708|260.911972|164.554125|328.179014|161.099273|341.099273
355|230.027333|170.121935|142.670815|249.182153|266.341324|200.704500|328.285125|159.503718|339.503718
356|261.184389|315.959264|124.977000|278.458657|223.145426|214.389718|306.479532|196.604551|16.604551
357|292.808806|2.769287|118.449856|273.463477|228.133583|245.442407|309.548940|195.033440|15.033440
358|321.088778|11.483944|109.438556|299.290278|231.647778|278.796722|313.121889|193.572556|13.572556
359|351.878778|56.156944|108.700833|354.883889|233.049444|315.570444|316.676611|191.919222|11.919222
360|21.098111|89.074398|116.939074|40.080569|231.862542|351.685546|319.387213|190.240005|10.240005
361|51.575167|146.546194|131.126704|33.335278|227.977963|30.636130|321.016565|188.549731|8.549731
362|79.297222|171.560306|146.725403|68.602269|224.683889|66.016625|321.428597|187.024171|7.024171
363|108.776306|222.979065|165.005366|124.353310|223.635630|103.814708|320.473162|185.360787|5.360787
364|138.584056|275.053833|184.920389|162.117722|225.215389|141.950611|318.035389|183.743667|3.743667
365|167.947389|312.394333|211.311667|152.366944|229.122722|179.275611|315.864889|182.208389|2.208389
366|198.856611|1.249796|228.653056|193.730620|234.573769|217.468296|315.685125|180.590384|0.590384
367|229.260389|35.241597|251.578931|244.130565|240.784894|254.822574|316.596023|178.995046|358.995046
368|261.436889|181.998986|260.057074|272.104718|198.032741|257.104519|296.500750|216.042884|36.042884
369|293.061306|233.850120|284.224333|302.018546|201.704278|296.306880|299.244444|214.312329|34.312329
370|321.341278|243.293944|306.044167|294.414444|202.662667|331.534222|302.500778|212.904500|32.904500
371|352.131278|292.484167|330.107833|340.526667|201.360000|9.845056|305.732500|211.198111|31.198111
372|21.356167|326.667731|353.383421|35.095148|197.766111|46.403287|307.999102|209.678060|29.678060
373|51.054667|11.573009|16.811269|62.428704|194.326944|83.608843|309.155574|208.031116|28.031116
374|109.034361|90.246287|59.457403|110.437407|194.934056|153.347056|307.394778|204.798894|24.798894
375|168.205444|176.332444|95.423889|173.315000|203.759500|207.089167|303.347667|201.487278|21.487278
376|79.555278|44.136694|38.441778|60.807532|193.342139|118.539972|309.039403|206.356394|26.356394
377|138.842111|138.995500|78.629667|162.955000|198.712000|185.255556|304.979667|203.075333|23.075333
378|199.114667|228.424241|110.518745|183.104815|210.329245|201.602444|303.174458|199.922606|19.922606
379|229.518444|266.145208|120.908375|232.032296|216.917667|193.436944|304.385981|198.327051|18.327051
380|261.730500|47.258986|84.808694|258.981917|171.560259|306.836426|285.777019|235.375046|55.375046
381|293.346000|98.104287|75.135806|308.944398|172.641958|339.074093|289.262704|233.750384|53.750384
382|321.614889|106.993667|75.661167|312.020278|171.344611|359.051389|292.365500|232.183611|52.183611
383|352.388222|159.102222|84.854944|328.803056|167.689889|353.001278|295.138667|230.530056|50.530056
384|21.608667|197.106065|98.975755|22.422245|164.274634|345.090694|297.013245|229.010282|49.010282
385|51.307167|246.992681|115.721750|73.241435|163.316361|6.089806|297.436792|227.310282|47.310282
386|79.807778|281.505306|133.133815|71.535926|164.856458|36.416292|296.823014|225.794449|45.794449
387|109.286861|326.902120|152.377500|103.570194|168.951537|71.824514|294.701389|224.077782|44.077782
388|139.094611|11.428833|171.372056|152.375556|174.157833|106.941722|292.539444|222.513667|42.513667
389|168.984167|51.703611|191.945185|193.466574|180.416574|143.461481|291.505000|220.791204|40.791204
390|199.367167|92.925630|213.524708|183.335810|186.977741|180.837370|291.689287|219.201435|39.201435
391|229.770944|130.483602|235.952764|218.361509|192.949255|217.975088|293.461111|217.605940|37.605940
392|260.960222|270.317875|243.593074|243.993097|142.478306|221.559500|275.704046|254.707051|74.707051
393|292.584639|315.094565|267.504509|298.489514|140.992199|259.259519|279.271685|253.135602|73.135602
394|322.369611|342.567833|290.306750|336.431944|137.369889|295.391472|282.266333|251.488806|71.488806
395|352.641278|23.943889|313.756667|327.265556|133.993333|333.146500|284.572056|249.968389|69.968389
396|21.842278|60.668111|336.624778|8.012560|133.076500|10.192069|286.003144|248.289171|68.289171
397|51.530778|112.541014|0.126972|65.812190|134.938542|48.531282|286.181500|246.642176|66.642176
398|80.028056|150.442250|22.180639|100.186199|138.732319|85.366806|284.923148|245.126671|65.126671
399|109.512139|201.174065|43.367347|92.786181|143.986630|123.302468|282.611181|243.410005|63.410005
400|139.334889|248.896889|62.476611|138.336889|150.348722|161.146667|280.703000|241.845833|61.845833
401|168.714889|282.267167|77.981278|189.850556|156.828778|197.860722|280.149667|240.257556|60.257556
402|199.644111|326.821463|89.089727|207.842130|163.051843|235.095736|280.995056|238.533162|58.533162
403|230.061222|359.915824|92.303699|209.498898|167.979361|271.020861|282.802611|236.938162|56.938162
404|261.218278|145.301208|37.542111|236.835903|109.687306|275.706000|266.060264|274.030940|94.030940
405|292.842694|192.647620|42.123481|284.583171|105.820806|314.589704|269.531264|272.406157|92.406157
406|321.122667|201.417000|52.365833|333.290278|102.703333|348.818111|272.179889|270.998333|90.998333
407|351.912667|246.270000|67.134889|352.540556|101.760333|26.187167|274.560722|269.344778|89.344778
408|21.132000|279.035787|83.393898|356.957315|103.627556|61.594412|275.253944|267.665838|87.665838
409|50.830500|325.206065|101.410602|50.101398|107.701417|95.718884|274.821681|266.125005|86.125005
410|79.331111|0.603639|119.557880|102.037361|113.069708|123.988671|273.173139|264.450509|84.450509
411|108.810194|51.622398|138.744852|110.919167|119.576287|139.176685|270.776500|262.892782|82.892782
412|138.617944|103.718556|158.303722|125.346667|126.407889|123.573667|269.380833|261.169222|81.169222
413|167.981278|141.332167|177.978500|176.389000|132.490389|127.104167|269.254167|259.581167|79.581167
414|198.890500|190.740074|199.182551|221.568602|137.751361|153.262250|270.383519|258.015940|78.015940
415|229.294278|225.105764|220.585852|214.547088|141.266931|185.441157|272.588681|256.420940|76.420940
416|261.470778|10.592042|228.339963|248.036204|72.000250|285.551181|256.428546|293.468995|113.468995
417|293.095194|62.671509|251.037088|272.011394|68.947537|270.960056|259.768361|291.738162|111.738162
418|321.375167|72.167000|272.140444|321.520722|68.568444|278.427167|262.194278|290.330333|110.330333
419|352.165167|121.912222|295.382889|8.829944|70.884944|305.442278|263.837667|288.623944|108.623944
420|21.390056|156.488009|317.686880|2.846296|75.132852|337.627741|264.309306|287.104120|107.104120
421|51.088556|201.678287|340.102194|36.686667|81.073583|13.139074|263.441759|285.456671|105.456671
422|79.589167|234.172250|1.439356|91.556773|87.689407|47.891093|261.300528|283.782227|103.782227
423|109.068250|279.853231|21.816731|133.418542|94.780384|85.770231|259.172699|282.224727|102.224727
424|138.876000|328.021889|39.340444|124.503500|101.282778|124.260722|258.223278|280.501444|100.501444
425|168.239333|5.045500|50.967222|162.512389|106.454667|160.368111|258.610222|278.912833|98.912833
426|199.148556|57.030352|53.119917|215.669375|110.024028|199.045639|260.137301|277.348162|97.348162
427|229.552333|94.961042|44.432639|241.954722|111.294000|236.667190|262.748546|275.752884|95.752884
428|261.764389|236.598153|2.415204|275.281667|33.162389|238.616704|246.202509|312.800940|132.800940
429|293.379889|286.359565|17.845921|267.181569|33.521361|277.549644|249.779944|311.176435|131.176435
430|321.648778|295.850333|34.122722|307.317222|36.122556|312.664111|251.871333|309.609222|129.609222
431|352.422111|347.822222|52.364667|3.017056|41.043611|351.206556|253.130000|307.955889|127.955889
432|21.642556|25.864120|69.934773|33.114699|47.200972|28.402819|253.141556|306.435838|126.435838
433|51.341056|76.271847|88.637361|29.547361|54.513023|66.426181|251.739417|304.736116|124.736116
434|79.841667|111.214750|107.331829|77.221079|61.454019|102.945917|249.479889|303.220560|123.220560
435|109.320750|156.971009|126.817958|131.635000|68.119829|140.254736|247.635685|301.503894|121.503894
436|139.500333|206.124194|146.712014|148.570463|73.529486|177.550056|247.246500|299.919162|119.919162
437|168.491833|234.677167|165.840000|153.061500|76.799944|212.968556|248.072389|298.351167|118.351167
438|199.401056|282.104796|186.372644|202.791894|77.909648|245.878472|250.099185|296.627051|116.627051
439|229.804833|318.636102|206.681741|249.015046|76.047861|273.890278|252.907824|295.032269|115.032269
440|260.994111|100.283986|212.652352|276.723380|356.843301|292.675926|236.691593|332.132606|152.132606
441|292.618528|144.969287|233.601148|285.465176|0.772806|330.502245|239.609065|330.561218|150.561218
442|321.901833|165.988667|253.810056|296.800833|5.788278|4.199111|241.491000|328.941389|148.941389
443|353.068167|218.539444|275.824611|350.925889|12.525333|38.321778|242.637000|327.372722|147.372722
444|21.876167|249.609778|296.281667|40.514093|19.570546|64.389444|241.767264|325.715005|145.715005
445|51.564667|301.281014|316.318907|43.019171|26.923639|72.531750|239.906722|324.068060|144.068060
446|80.061944|339.220028|333.180870|65.191111|33.261426|55.800602|236.792222|322.552505|142.552505
447|109.546028|30.339620|346.680838|119.935625|38.499208|66.923181|236.188889|320.835560|140.835560
448|139.368778|78.543556|350.988667|165.415389|41.664278|94.992389|236.311444|319.271444|139.271444
449|168.748778|112.160500|344.583833|157.433056|42.227444|127.750611|237.620111|317.683333|137.683333
450|199.678000|156.786657|341.760343|189.646611|39.775167|164.131625|240.051722|315.959213|135.959213
451|230.095111|189.707213|349.141111|240.665421|36.167306|200.266421|242.660880|314.363995|134.363995
452|261.252167|334.545653|337.656708|266.352870|325.228667|214.636106|226.539056|351.464829|171.464829
453|292.876583|22.365954|358.521755|307.994028|330.921713|246.411574|229.399713|349.840384|169.840384
454|321.156556|31.187000|17.133000|297.915278|337.022944|278.426278|230.685333|348.432556|168.432556
455|351.946556|76.253333|37.228111|334.557056|344.510222|315.161833|230.967944|346.779222|166.779222
456|21.165889|108.938009|56.326671|29.696667|351.528944|351.231102|229.964088|345.100231|165.100231
457|50.864389|154.737176|75.867023|70.904046|357.879139|29.097208|227.757569|343.559171|163.559171
458|79.365000|189.786417|94.804523|61.604347|2.641486|65.510792|225.842648|341.884449|161.884449
459|108.844083|240.427676|114.621806|109.157509|5.489315|103.288671|225.017667|340.326898|160.326898
460|138.651833|292.451889|134.311500|158.699444|5.457000|141.405889|225.420111|338.603611|158.603611
461|168.015167|330.265500|153.467889|185.649444|2.668000|178.730889|226.982444|337.015056|157.015056
462|198.924389|20.114241|173.117042|180.733509|358.540995|216.979444|229.688796|335.450384|155.450384
463|229.328167|54.803819|192.377338|225.493384|356.397963|254.298963|233.057787|333.855106|153.855106
464|261.545222|199.305931|197.637259|252.350542|296.115361|256.541741|216.678093|10.903102|190.903102
465|293.160722|251.526787|216.258574|305.732644|303.008083|295.750731|218.873097|9.172269|189.172269
466|321.429611|261.068667|232.748889|325.961833|309.643333|331.010667|219.836389|7.764444|187.764444
467|352.202944|311.255556|250.105722|325.836389|316.547722|9.320056|219.695667|6.058056|186.058056
468|21.423944|346.153565|264.693255|15.573713|322.231329|45.930509|218.239634|4.538338|184.538338
469|51.122444|31.642454|274.894292|70.896611|326.986069|83.144653|215.887861|2.891394|182.891394
470|51.122444|31.642454|274.894292|70.896611|326.986069|83.144653|215.887861|2.891394|182.891394
471|79.623056|64.135028|274.586370|85.583333|329.300241|118.213583|214.258917|1.216620|181.216620
472|109.102139|109.511565|267.747306|93.722440|328.555444|153.162194|213.841014|359.658616|179.658616
473|138.909889|157.188556|269.638944|145.964444|325.172611|185.387500|214.872833|357.935333|177.935333
474|168.273222|193.908833|281.007500|193.046944|321.324722|208.332222|216.952056|356.347278|176.347278
475|199.182444|245.772019|297.974227|191.203139|319.890028|205.597454|219.928028|354.782329|174.782329
476|229.586222|283.790208|316.946648|213.228111|321.292181|195.245833|223.279694|353.187051|173.187051
477|261.798556|66.043986|317.946880|240.837824|269.510213|306.615301|206.629255|30.234829|210.234829
478|293.414056|115.235120|340.955273|294.083894|276.388296|339.142060|208.419657|28.610384|208.610384
479|321.682944|124.670056|1.295778|337.261556|282.339722|0.373333|209.023333|27.043389|207.043389
480|352.456278|176.418611|23.046333|334.019444|288.099222|357.052944|208.309944|25.389778|205.389778
481|21.657000|214.675056|44.041412|4.258273|292.145856|347.069306|206.408958|23.817227|203.817227
482|51.156333|221.689954|158.810514|31.335866|189.852444|12.827694|169.390625|80.325282|260.325282
483|79.842778|300.765306|83.189486|104.080903|292.549019|36.196194|203.018750|20.654449|200.654449
484|109.326861|346.895731|103.003653|96.177292|288.758171|70.389157|203.232282|18.937782|198.937782
485|139.149611|31.413556|122.755389|132.268889|285.147778|106.479889|204.590611|17.373667|197.373667
486|168.529611|64.423833|141.614611|184.958500|284.318833|142.310333|206.980944|15.785333|195.785333
487|199.458833|111.393963|160.761069|217.788398|286.154722|180.308796|210.210417|14.061495|194.061495
488|229.875944|147.614435|178.990750|208.515727|290.325574|217.476296|213.502833|12.466218|192.466218
489|261.033278|290.351208|181.189236|238.133796|244.323116|221.175333|196.409644|49.567051|229.567051
490|292.657694|335.008176|196.107528|278.267139|250.596491|258.814796|197.813514|47.995384|227.995384
491|321.941000|355.885056|206.974333|330.150278|255.419722|294.272722|197.968278|46.375333|226.375333
492|352.714333|42.556944|211.698611|3.580278|259.100833|332.625667|196.834056|44.828611|224.828611
493|21.910333|78.547000|206.148792|357.055417|260.156944|9.671236|194.606111|43.149171|223.149171
494|80.096111|167.870583|200.959102|99.378958|254.780384|84.827639|191.959708|39.986671|219.986671
495|109.580194|219.355176|213.782611|123.986852|251.447167|122.780319|192.426333|38.269727|218.269727
496|139.402944|268.151611|231.764611|123.937500|250.890333|160.649722|194.467389|36.705333|216.705333
497|168.782944|302.111889|251.481167|171.521778|253.095944|197.397500|197.165278|35.117556|215.117556
498|199.712167|346.883685|273.344088|221.148241|257.204736|234.660343|200.572208|33.393440|213.393440
499|230.129278|19.668324|295.194722|225.154815|262.771324|270.708157|203.858657|31.798102|211.798102
500|261.286056|163.669264|299.405685|261.564958|219.772093|275.142690|185.945366|68.898718|248.898718
501|292.910472|212.072898|323.209495|268.100407|224.702750|314.091926|186.924088|67.274273|247.274273
502|321.190444|220.966722|344.628389|314.761222|227.839167|348.355611|186.628889|65.866444|245.866444
503|351.980444|266.339722|7.967167|7.150000|228.728056|25.772722|184.986833|64.213389|244.213389
504|21.205056|299.005509|29.445481|15.456690|227.142926|61.194769|182.605250|62.640560|242.640560
505|50.903556|344.409398|50.872125|31.957352|223.291204|95.521616|181.182931|60.993565|240.993565
506|79.404167|19.043361|70.806708|85.021528|220.182222|124.351398|180.881102|59.318338|239.318338
507|108.883250|69.189065|90.594375|134.480648|219.484676|141.199019|181.998000|57.760838|237.760838
508|138.691000|121.044944|110.088056|131.779444|221.468167|127.263722|184.233056|56.037556|236.037556
509|168.054333|159.021889|128.691722|157.221000|225.601889|128.025000|187.239778|54.449722|234.449722
510|198.963556|209.387852|147.344032|209.981319|231.184880|153.323083|190.778333|52.884551|232.884551
511|229.367333|244.507153|164.589833|247.924116|237.524630|185.203370|193.879491|51.289273|231.289273
512|261.579389|27.931764|163.067384|278.789213|194.551352|288.732296|175.039264|88.337051|268.337051
513|293.194889|80.220120|171.045398|270.685556|197.780051|274.433227|175.500972|86.606218|266.606218
514|321.463778|89.798389|169.523222|301.538056|198.529056|279.277778|174.734833|85.198389|265.198389
515|321.965444|96.854222|169.411694|302.377639|198.526556|279.584889|174.708611|85.171861|265.171861
516|79.656944|254.231139|171.138134|70.928745|189.255750|47.541093|169.706912|78.650560|258.650560
517|109.136028|299.300454|188.512532|126.811509|191.252667|85.179398|171.287296|77.093009|257.093009
518|138.943778|346.433278|208.719889|159.930889|195.201722|123.857278|173.936889|75.369444|255.369444
519|168.307111|22.776889|230.257944|152.015111|200.525333|159.813667|177.257944|73.781444|253.781444
520|229.620111|112.465208|275.824486|246.173037|213.665167|236.119231|183.907769|70.621218|250.621218
521|229.620111|112.465208|275.824486|246.173037|213.665167|236.119231|183.907769|70.621218|250.621218
522|261.832444|255.566486|282.931528|274.105556|167.672255|238.095593|163.436333|107.669213|287.669213
523|293.447944|304.270676|306.962023|298.262060|168.543625|276.993435|163.467319|106.044273|286.044273
524|321.716833|313.650056|328.843000|294.663889|166.809778|312.121611|162.130722|104.477833|284.477833
525|352.490167|5.163611|352.873833|343.245056|163.013500|350.664944|159.717111|102.824444|282.824444
526|21.691167|43.340889|15.648935|37.209644|159.831519|27.870042|157.911153|101.251394|281.251394
527|51.379667|94.568236|37.957218|57.854292|159.214139|65.918606|157.410097|99.604449|279.604449
528|79.876944|130.261139|58.348639|61.866444|161.163403|102.438417|158.304889|98.088616|278.088616
529|109.361028|176.870454|78.519069|113.166995|165.333759|139.809481|160.478481|96.371671|276.371671
530|139.183778|221.513278|97.692778|164.405556|170.884222|176.686833|163.540611|94.807833|274.807833
531|168.563778|254.336889|115.579833|168.339722|177.135778|212.870833|167.061389|93.219778|273.219778
532|199.493000|300.842019|133.471269|184.814259|183.735796|245.813750|170.507755|91.495662|271.495662
533|229.910111|336.608324|149.306866|234.676801|189.635597|274.438056|173.210602|89.900106|269.900106
534|261.067444|120.273153|137.991468|259.941106|138.357264|292.210093|151.143250|127.000940|307.000940
535|292.691861|164.955398|139.358940|308.617444|136.384838|330.032329|150.711074|125.429551|305.429551
536|321.975167|185.738389|125.502611|307.346111|132.709611|3.906333|148.850944|123.809500|303.809500
537|352.748500|231.990278|120.485389|330.667500|129.518056|37.830667|146.343444|122.262556|302.262556
538|21.944222|267.631167|125.810366|25.270106|128.948611|65.132222|145.066889|120.583338|300.583338
539|51.632722|318.638514|137.880227|73.909014|131.284931|75.312023|145.277968|118.936343|298.936343
540|80.130000|356.590861|153.314301|67.985000|135.132500|58.333630|146.658352|117.420560|297.420560
541|109.614083|48.361843|171.456764|106.480389|140.629130|67.508097|149.276306|115.703894|295.703894
542|168.816833|131.895222|212.818389|192.240444|153.657722|127.452556|156.437000|112.551722|292.551722
543|199.746056|176.870074|235.794718|182.297574|159.778231|163.709403|159.815139|110.827606|290.827606
544|230.163167|209.572769|258.785903|220.934736|164.511028|199.821736|162.108843|109.232329|289.232329
545|261.319944|352.747042|266.233500|246.232236|104.791750|215.021741|138.029958|146.333162|326.333162
546|292.944361|41.647065|290.419213|300.895903|100.759778|246.274907|136.765380|144.708657|324.708657
547|321.224333|50.593389|312.288889|334.445278|97.973333|278.070500|134.499556|143.300889|323.300889
548|352.014333|96.288056|336.480333|325.766667|97.553611|314.753500|132.463500|141.647500|321.647500
549|21.239222|128.965231|359.642620|8.877509|99.670611|350.776657|131.768903|140.074449|320.074449
550|50.937722|174.104120|22.985106|66.318264|103.989194|28.567134|132.586954|138.427505|318.427505
551|79.438333|208.394194|44.375657|97.526667|109.630639|65.005236|134.668472|136.752782|316.752782
552|108.917417|258.070176|64.940597|91.964236|116.266009|102.757963|137.739824|135.195005|315.195005
553|138.725167|309.784944|84.126778|139.268667|123.118722|140.861444|141.525056|133.471722|313.471722
554|168.088500|347.835222|101.285056|190.347944|129.153722|178.186444|145.249833|131.883667|311.883667
555|198.997722|38.595352|117.490917|204.059384|134.254417|216.485713|148.271088|130.318657|310.318657
556|229.401500|74.053264|130.270972|209.408676|137.384708|253.775352|150.330185|128.723440|308.723440
557|262.124472|223.823449|101.334759|238.376236|66.574560|256.613407|123.958426|165.744690|345.744690
558|293.228778|268.986231|91.343282|287.428699|63.918370|295.199523|122.013745|164.040662|344.040662
559|321.497667|278.575056|87.100667|335.093000|64.090111|330.455833|119.688556|162.632833|342.632833
560|352.271000|329.628611|93.204167|347.443333|66.730889|8.795333|118.137611|160.926444|340.926444
561|21.491722|5.311898|105.531616|358.181634|71.205352|45.457454|118.207954|159.406671|339.406671
562|51.190222|51.584398|121.422685|52.978866|77.385250|82.686801|119.523333|157.759398|337.759398
563|79.690833|84.218083|138.207213|103.315287|84.109130|117.887116|122.199917|156.084449|336.084449
564|111.079917|154.166616|157.988051|104.820000|91.707435|155.148681|126.098324|154.421116|334.421116
565|138.977667|175.769944|176.514389|127.123111|97.710778|185.519444|129.042944|152.803944|332.803944
566|168.341000|211.776889|196.941500|179.212389|102.689111|209.575000|133.152278|151.215833|331.215833
567|199.250222|263.102852|219.436736|221.547194|105.888472|209.569120|136.227176|149.650662|329.650662
568|229.654000|301.227708|241.391926|211.990630|106.796764|197.069491|137.758000|148.055384|328.055384
569|261.866333|85.210375|249.828370|244.772782|27.956102|305.277847|109.053278|185.103162|5.103162
570|293.481833|133.351509|274.509634|274.248894|28.866083|339.223856|106.513583|183.478995|3.478995
571|321.750722|142.648111|296.320722|324.262944|31.867778|1.663000|104.559722|181.911722|1.911722
572|352.524056|193.790000|320.282444|8.624167|37.062500|1.104833|103.757111|180.258389|0.258389
573|21.725056|232.074778|343.412269|0.374722|43.398954|348.715787|104.536690|178.685509|358.685509
574|51.413556|283.606569|6.949463|38.960995|50.819574|6.855546|106.673917|177.038338|357.038338
575|79.910833|319.640306|28.814014|94.106639|57.693185|35.988597|109.591352|175.522782|355.522782
576|109.394917|6.689065|50.066463|132.400833|64.167611|70.065417|112.829796|173.806394|353.806394
577|139.217667|51.499944|69.148111|123.656556|69.365056|106.028056|117.689500|172.242000|352.242000
578|168.597667|84.210222|85.335278|164.982167|72.463833|141.873444|120.949056|170.653667|350.653667
579|199.526889|130.260352|98.355069|217.544375|73.022426|179.792954|123.237444|168.929551|348.929551
580|229.944000|165.730824|105.022190|238.396481|70.796690|216.973000|124.389245|167.334551|347.334551
581|261.101333|310.244542|55.645514|272.855278|351.982736|220.791167|93.444778|204.427269|24.427269
582|292.725750|355.055676|53.478736|266.461458|356.638083|258.370074|90.818306|202.855384|22.855384
583|322.009056|15.751444|60.746611|309.927778|1.848278|293.779944|89.442889|201.235611|21.235611
584|352.782389|61.550000|74.169000|5.186444|8.608556|332.104833|89.498944|199.688111|19.688111
585|21.978111|96.773111|89.566963|29.286458|15.756657|9.150403|90.941333|198.009171|18.009171
586|51.666611|147.331847|107.284185|30.473611|22.994194|47.427750|93.663306|196.361949|16.361949
587|80.163889|185.187199|125.767444|81.890111|29.320593|85.513472|97.284176|194.802176|14.802176
588|109.647972|237.227398|144.161458|133.332500|34.131986|122.253273|101.285954|193.138060|13.138060
589|139.470722|287.021333|163.873833|143.908944|37.095667|160.153944|105.118000|191.573944|11.573944
590|168.850722|321.678278|183.639389|154.496167|37.035722|196.898333|107.972056|189.985889|9.985889
591|199.779944|6.968963|205.039486|205.442139|34.183778|234.249338|109.829532|188.261773|8.261773
592|230.197056|39.626657|227.129194|249.723380|30.347306|270.385792|110.201968|186.772329|6.772329
593|261.353833|181.683153|234.471819|277.973935|321.117556|274.584259|77.192667|223.865106|43.865106
594|292.978250|231.155676|257.634366|280.636667|326.986991|313.593870|75.309333|222.134551|42.134551
595|321.258222|240.174778|278.931167|296.952667|333.222111|347.892056|74.671944|220.726722|40.726722
596|352.048222|286.314444|302.533444|351.090722|340.688556|25.358278|75.390722|219.073389|39.073389
597|21.273111|319.078009|325.026097|40.067037|347.591444|60.804569|77.359333|217.500509|37.500509
598|50.971611|3.938287|348.055616|39.340370|353.728583|95.336847|80.515778|215.853060|35.853060
599|79.472222|37.851139|9.846995|65.589060|358.258153|124.713898|84.400611|214.178616|34.178616
600|108.951306|86.984620|30.858606|120.913125|0.693778|143.185403|88.532222|212.621116|32.621116
601|138.759056|138.386333|49.387333|164.441056|0.202278|131.250333|92.030333|210.897833|30.897833
602|168.122389|176.499944|63.352444|155.264167|356.938111|129.222500|94.332667|209.309500|29.309500
603|199.031611|227.674241|70.439528|190.291241|352.995699|153.384194|95.534593|207.744551|27.744551
604|229.435389|263.543542|66.493120|241.405352|351.415708|184.997537|95.276704|206.149213|26.149213
605|261.647167|45.413986|14.170120|268.792708|292.338139|291.843120|61.844306|243.197329|63.197329
606|293.262667|97.592343|26.967532|306.801204|299.303625|278.066292|60.344097|241.466495|61.466495
607|321.531556|107.224778|40.936500|296.211944|305.876667|280.581111|60.257278|240.058667|60.058667
608|352.304889|158.641667|57.831500|336.998556|312.604944|305.616500|61.725611|238.352278|58.352278
609|21.525611|194.742731|75.106477|32.189722|318.145625|337.105241|64.319389|236.832227|56.832227
610|51.224111|241.538009|93.560282|68.929745|322.563292|12.494361|67.861065|235.185282|55.185282
611|79.724722|274.323361|112.036019|61.077037|324.322463|47.190815|71.812500|233.616898|53.616898
612|109.203806|319.047398|131.496019|108.145894|323.226218|84.588843|75.647130|231.953060|51.953060
613|139.011556|5.213000|151.172167|160.750833|319.490278|123.458611|78.660389|230.229500|50.229500
614|168.374889|40.803278|170.636333|181.961667|315.878278|159.293333|80.494444|228.641444|48.641444
615|199.284111|91.730630|191.291273|181.746019|315.002796|197.936750|80.960750|227.076435|47.076435
616|229.687889|129.837769|211.999606|228.213694|316.703847|235.566769|79.966116|225.427884|45.427884
617|261.900222|274.893588|219.276273|255.044792|265.973870|237.574759|46.745981|262.476157|82.476157
618|293.515722|322.553731|240.922958|307.556847|272.718065|276.441731|45.888241|260.904551|80.904551
619|321.784611|331.781444|261.196889|321.398333|278.606944|311.579111|46.534667|259.337778|79.337778
620|352.557944|22.576667|283.753333|327.082778|284.108667|350.122444|48.522833|257.683944|77.683944
621|21.758944|60.667833|305.291861|18.461019|287.738792|27.337264|51.574509|256.111116|76.111116
622|51.447444|112.491847|326.607282|72.513394|288.841306|65.415477|55.477556|254.464449|74.464449
623|79.944722|148.919472|345.978486|80.286574|287.292611|101.930639|59.375056|252.948616|72.948616
624|110.017722|204.207065|3.957019|96.291676|283.228991|140.093898|62.976481|251.199231|71.199231
625|139.251556|241.604667|15.904444|148.652500|280.037222|176.278222|65.457611|249.667833|69.667833
626|168.631556|274.248278|18.599944|193.747500|279.649944|212.505833|66.470611|248.079500|68.079500
627|199.560778|319.859796|10.324204|187.792477|281.875264|245.738255|66.189333|246.355384|66.355384
628|229.977889|354.909991|7.345005|215.429046|286.361407|274.985833|64.429917|244.760384|64.760384
629|261.135222|140.059264|346.816639|241.131713|240.980866|291.744259|31.632667|281.861218|101.861218
630|292.759639|185.042065|6.798245|295.002287|247.083991|329.571639|31.532060|280.289769|100.289769
631|322.042944|205.694778|24.191611|337.810389|251.644111|3.613833|32.831722|278.775889|98.775889
632|352.816278|251.151667|43.440333|330.956944|254.981611|37.753722|35.493667|277.122556|97.122556
633|22.012000|286.037556|62.024491|4.864157|255.587500|65.746875|38.920759|275.443287|95.443287
634|51.700500|336.854069|81.272745|62.353444|253.571500|77.980806|43.010407|273.796394|93.796394
635|80.197778|13.927199|100.098231|103.631019|249.641218|61.710352|46.760769|272.227782|92.227782
636|109.681861|66.071843|119.791907|94.481481|246.656889|68.122963|49.825519|270.563894|90.563894
637|139.504611|116.318000|139.654556|134.800833|246.510333|94.687111|51.645667|268.999500|88.999500
638|168.884611|151.324944|158.806556|187.136222|249.126056|127.154500|52.295944|267.411444|87.411444
639|199.813833|196.914796|178.753755|215.111204|253.473611|163.287181|51.174259|265.687329|85.687329
640|230.740944|235.633403|198.731134|209.210176|259.306602|199.977903|48.841806|264.172190|84.172190
641|261.387722|10.614542|203.673051|237.392384|216.398759|215.524519|16.754625|301.299273|121.299273
642|293.012139|60.546509|223.254699|280.845505|221.126917|246.166917|17.501269|299.568440|119.568440
643|321.292111|69.634778|241.167111|330.577500|223.849333|277.769111|19.323278|298.160611|118.160611
644|352.082111|116.184444|260.794667|0.649444|224.406667|314.344889|22.264056|296.507278|116.507278
645|21.307000|149.061898|278.852792|356.337083|222.490162|350.322213|26.153898|294.934449|114.934449
646|51.005500|193.760231|294.769852|45.914616|218.504861|28.043222|30.319324|293.287782|113.287782
647|79.506111|227.382250|304.335384|99.907014|215.715648|64.499681|33.725824|291.612731|111.612731
648|108.985194|276.034065|303.375403|120.300463|215.297560|102.222481|36.455611|290.055005|110.055005
649|138.792944|327.123000|296.310056|123.635278|217.762056|140.317000|37.690833|288.331722|108.331722
650|168.156278|5.233278|298.935667|172.499556|222.057111|177.642000|37.459000|286.743667|106.743667
651|199.065500|56.709241|315.781116|221.088514|227.795713|215.987417|35.766611|285.178440|105.178440
652|229.469278|92.917708|328.082949|221.340093|234.288472|253.251741|33.211306|283.583440|103.583440
653|261.681333|234.279264|325.389028|256.448704|191.069963|255.416245|2.392236|320.631218|140.631218
654|293.296833|286.312065|347.737681|269.699648|193.883713|294.652819|3.739144|318.900662|138.900662
655|321.565722|295.943111|7.520833|317.520833|194.395444|329.881278|6.063667|317.439778|137.439778
656|321.565722|295.943111|7.520833|317.520833|194.395444|329.881278|6.063667|317.439778|137.439778
657|321.565722|295.943111|7.520833|317.520833|194.395444|329.881278|6.063667|317.439778|137.439778
658|21.559500|24.088565|48.563139|10.383148|188.466556|44.984676|13.586269|314.266898|134.266898
659|51.909444|79.774583|68.998889|34.942639|185.483889|83.050417|17.589583|312.583333|132.583333
660|79.758611|104.287528|87.744968|87.855139|185.202935|117.512806|20.569134|311.050838|131.050838
661|109.237694|148.949620|107.570241|134.978889|187.571556|152.639056|22.510213|309.387227|129.387227
662|139.045444|194.733000|127.380167|128.545833|191.691444|185.646000|23.110000|307.663667|127.663667
663|168.408778|229.969944|146.349944|159.295722|197.291167|210.573056|22.190222|306.075333|126.075333
664|199.318000|280.531463|165.883718|212.433264|203.969218|213.409074|19.838245|304.510940|124.510940
665|229.721778|318.579435|184.457435|246.523542|210.412667|199.445046|17.699926|302.862606|122.862606
666|261.934389|104.642199|188.294815|278.385727|163.821412|306.211167|348.656222|339.910384|159.910384
667|293.549889|151.826231|204.835458|269.040093|164.317111|339.255810|350.644009|338.338657|158.338657
668|321.818778|160.998111|218.107389|303.896389|162.263833|2.621944|353.362056|336.771722|156.771722
669|352.592111|211.380000|229.293111|359.976389|158.362111|4.878611|357.003444|335.118389|155.118389
670|21.793111|249.407833|233.322000|38.324259|155.473463|350.925231|0.935954|333.545560|153.545560
671|51.481611|301.396847|226.875162|30.338264|155.269370|7.267995|4.607194|331.898616|151.898616
672|79.978889|338.131972|221.918611|73.531773|157.472014|35.793551|7.105301|330.383009|150.383009
673|109.462972|26.224898|228.636699|128.975199|161.870704|69.732005|8.480477|328.666065|148.666065
674|139.538778|305.533000|116.186889|166.384167|144.064444|160.877389|353.393111|346.380889|166.380889
675|168.665722|104.194944|261.557333|152.277222|173.973556|141.438111|6.661889|325.513667|145.513667
676|199.594944|149.491741|281.957681|198.950583|180.493852|179.291287|4.089750|323.789829|143.789829
677|230.012056|184.199157|302.940500|247.651574|186.345889|216.464764|2.464731|322.194273|142.194273
678|261.169111|329.906764|306.205806|274.488611|133.984981|220.407000|335.579167|359.295106|179.295106
679|292.793528|15.146231|329.794278|294.577130|131.831241|257.925352|337.943032|357.723718|177.723718
680|322.076833|35.779500|351.657611|295.351944|127.989000|293.296111|341.429722|356.209778|176.209778
681|352.850167|80.921389|14.288167|346.112778|125.041667|331.584056|345.123722|354.556722|174.556722
682|22.046167|115.371722|35.439699|39.060523|125.000000|8.629569|348.818778|352.877505|172.877505
683|51.734667|165.078792|56.475801|52.616389|127.633264|46.883181|351.808139|351.230560|171.230560
684|80.231944|202.659699|76.115523|63.035394|131.510736|83.749306|353.764880|349.661671|169.661671
685|168.918778|340.901611|134.340056|163.856944|150.514444|196.399167|351.228722|344.845833|164.845833
686|110.193528|261.957588|96.255514|116.861875|137.370241|122.333764|354.340875|347.971532|167.971532
687|140.023778|312.238750|116.502306|166.924444|144.174806|161.489556|353.360333|346.354361|166.354361
688|199.848000|26.840352|153.038352|186.681000|156.491139|233.835644|348.890472|343.121773|163.121773
689|168.918778|340.901611|134.340056|163.856944|150.514444|196.399167|351.228722|344.845833|164.845833
690|230.265111|59.569157|170.662588|237.321463|161.026106|270.054042|348.042889|341.632606|161.632606
691|261.421611|199.385931|170.705032|262.609931|99.872361|274.030551|323.399801|18.733440|198.733440
692|293.046028|249.836787|181.949185|309.067361|95.759500|313.089894|326.330241|17.002606|197.002606
693|321.326000|259.007833|185.343500|303.827778|93.242222|347.400944|329.362444|15.594778|195.594778
694|352.116000|306.100833|179.083556|331.217944|93.356944|24.923667|333.220667|13.941667|193.941667
695|21.340889|339.148843|169.426389|26.197185|95.715333|60.423866|336.553292|12.368616|192.368616
696|51.039389|23.739954|170.135315|72.932153|100.300065|95.164856|339.101144|10.721671|190.721671
697|79.540000|57.054472|180.266505|65.277565|106.227463|125.060611|340.402407|9.046949|189.046949
698|109.019083|105.110731|196.787421|109.409977|112.965472|144.971731|340.375083|7.489398|187.489398
699|138.826833|155.799389|216.711889|155.674444|119.787667|135.359333|338.827556|5.765833|185.765833
700|168.190167|193.826333|237.782333|190.462778|125.751000|130.544444|336.340111|4.177833|184.177833
701|199.099389|245.590074|260.535454|181.153519|130.626259|153.492639|334.623630|2.613162|182.613162
702|229.503167|282.191319|282.821042|221.797269|133.503319|184.791426|334.402903|1.017606|181.017606
703|261.715222|63.136208|289.296657|248.733870|61.352796|294.159963|311.753144|38.065384|218.065384
704|293.330722|114.910398|313.294792|303.149370|59.130319|282.069620|314.829111|36.440662|216.440662
705|321.599611|124.541167|335.119889|332.411778|59.612611|281.884444|318.204389|34.873944|214.873944
706|352.372944|176.509722|358.857444|325.672611|62.744500|305.736500|321.891000|33.220833|213.220833
707|21.593389|213.301065|21.069727|11.586120|67.448861|336.887833|324.759435|31.700838|211.700838
708|51.291889|261.106014|43.751065|70.102153|74.023574|13.315750|326.963894|30.000560|210.000560
709|79.792500|294.335028|63.385537|94.029708|80.576690|46.840815|327.536375|28.485005|208.485005
710|109.271583|339.001843|83.397759|92.669537|87.730032|83.998287|326.789431|26.821116|206.821116
711|139.079333|24.374389|102.695722|142.048444|94.019944|123.064611|324.676278|25.203944|205.203944
712|168.442667|59.214667|120.881167|191.804278|98.780222|158.869389|321.728222|23.510056|203.510056
713|199.351889|109.926741|139.112356|199.206574|101.754028|197.382306|321.257625|21.891991|201.891991
714|229.755667|147.176102|155.623949|210.917361|102.157009|235.009366|322.590944|20.296495|200.296495
715|261.968278|294.543866|148.974699|238.876491|22.983593|237.053648|301.691583|57.344273|237.344273
716|293.583778|341.192343|150.394384|290.244287|24.211639|275.894750|304.167778|55.772884|235.772884
717|321.852667|350.277833|142.409667|336.485000|27.775000|311.036611|307.430222|54.205889|234.205889
718|352.626000|40.153056|133.984389|342.279722|33.180833|349.579944|310.845444|52.658944|232.658944
719|21.827000|78.008667|135.051144|359.961065|39.688495|26.804764|313.339102|50.979727|230.979727
720|51.515500|130.142958|145.156981|55.818324|47.122352|64.917347|314.705852|49.332731|229.332731
721|80.725278|177.385602|160.033565|105.059917|54.077630|102.331889|314.837694|47.777157|227.777157
722|109.496861|215.887398|177.683051|101.990648|60.234931|138.900134|313.450333|46.100282|226.100282
723|139.319611|261.631056|197.988222|129.249000|65.252000|175.869889|311.068722|44.536389|224.536389
724|168.699611|294.294667|219.367278|181.689500|68.104389|212.016667|309.243500|42.947833|222.947833
725|199.628833|339.280352|242.504606|221.028889|68.134648|245.626819|308.736681|41.223718|221.223718
726|230.045944|13.647213|265.438093|210.382213|65.389764|275.464421|309.751815|39.628718|219.628718
727|351.894056|44.156111|299.319556|3.685611|328.176667|306.153056|289.994667|29.220333|209.220333
728|109.376306|163.672398|146.670620|123.579861|261.189417|124.332597|132.186157|293.681394|113.681394
