0|261.418278|335.573431|94.363028|246.376403|49.314278|306.854028|312.362648|335.918440|155.918440
1|293.042694|27.841509|84.025333|301.048958|47.879630|338.061944|315.412602|334.187606|154.187606
2|321.305944|37.196472|81.768421|334.460741|49.319856|354.166727|318.771213|332.780662|152.780662
3|352.112667|88.186111|89.216944|325.806111|53.329722|340.595500|322.475389|331.126444|151.126444
4|21.337556|123.598009|102.462528|9.044454|58.855972|340.800903|325.374713|329.553616|149.553616
5|51.036056|169.558287|118.747847|66.465486|65.636116|5.477000|327.563741|327.906620|147.906620
6|79.536667|202.120861|135.678898|97.502778|72.557352|37.486907|328.272486|326.231394|146.231394
7|108.999833|246.935722|154.251056|92.022778|79.457389|72.987778|327.559556|324.675056|144.675056
8|138.823500|294.178000|173.947944|139.433667|85.306444|109.970333|325.515667|322.950889|142.950889
9|168.186833|330.454944|194.307944|190.468778|89.651722|146.590278|322.420167|321.362778|141.362778
10|199.112833|22.215111|216.370722|203.939000|91.863167|184.717778|321.898556|319.796722|139.796722
11|229.499833|60.103264|239.420199|209.510403|91.414611|220.032861|323.299556|318.202329|138.202329
12|260.688556|190.691148|246.877880|236.660264|11.639875|222.703014|302.223806|355.303440|175.303440
13|292.312972|238.439009|270.673750|285.758144|13.187153|260.607352|304.603333|353.678935|173.678935
14|321.579556|261.118139|293.157954|335.173935|18.155306|296.820037|307.981630|352.059551|172.059551
15|352.369611|312.791667|317.234444|347.338333|24.204667|335.425611|311.427000|350.405333|170.405333
16|21.590056|350.982176|340.342824|358.313065|31.032796|12.611991|313.960542|348.885282|168.885282
17|51.288556|42.253236|4.930528|55.038602|38.674435|52.166435|315.386685|347.185282|167.185282
18|79.789167|78.026417|26.139472|103.415792|45.162528|88.101153|315.531653|345.670005|165.670005
19|109.252333|124.515722|47.256444|105.990500|51.049333|125.483000|314.202333|344.007222|164.007222
20|139.076000|169.384667|66.486778|127.265611|55.368667|162.663778|311.822389|342.388944|162.388944
21|168.817556|206.908389|82.283500|180.059343|57.112097|199.811806|309.949685|340.674162|160.674162
22|199.365333|248.766778|94.277778|220.917889|56.435389|235.680444|309.381722|339.128944|159.128944
23|229.752333|284.307213|99.649694|212.029352|52.811903|272.908204|310.378144|337.481495|157.481495
24|260.941611|68.127875|47.687556|244.729306|337.991653|277.530181|291.021741|14.582546|194.582546
25|292.566028|112.830398|48.604111|272.771949|343.038389|316.545630|294.415759|13.010662|193.010662
26|320.829278|121.250083|56.678630|322.595361|348.715046|351.106921|297.610046|11.444769|191.444769
27|351.636000|166.971111|70.601889|7.868056|355.933778|28.271444|300.628944|9.896444|189.896444
28|20.860333|201.936620|86.295458|0.221667|3.112796|62.920852|302.702690|8.217505|188.217505
29|50.558833|252.144676|104.203907|37.391667|9.954778|96.846722|303.532222|6.570560|186.570560
30|79.059444|289.918639|122.198833|92.498028|15.380528|123.121796|303.244681|5.055005|185.055005
31|108.522611|341.827389|141.201500|131.887556|19.380889|128.881778|301.502833|3.338944|183.338944
32|138.346278|32.211333|160.830611|123.063333|20.867556|111.253667|299.024000|1.773944|181.773944
33|167.709611|67.146833|180.546056|163.438000|19.399667|122.659778|297.627667|0.185833|180.185833
34|198.635611|112.873444|201.818778|216.244444|15.600500|152.853778|297.649222|358.460833|178.460833
35|229.039611|145.542500|223.544611|238.842500|12.099944|186.447833|298.928500|356.865333|176.865333
36|261.199667|300.431486|231.380056|272.824167|307.659741|269.090593|280.834565|33.905940|213.905940
37|292.824083|349.429565|254.553866|266.538125|314.112583|257.805194|284.463907|32.281495|212.281495
38|321.087333|358.182306|275.811750|308.291667|320.859792|275.159519|287.512796|30.874551|210.874551
39|21.113389|76.839676|321.650019|29.675495|334.262935|339.209704|291.715921|27.541116|207.541116
40|50.811889|121.928565|344.759014|29.330833|339.949625|14.953556|292.135389|26.000509|206.000509
41|79.312500|156.155028|6.239639|78.339000|343.291778|50.765662|291.175648|24.325560|204.325560
42|108.775667|205.527389|27.152389|131.986667|344.255722|87.948611|289.007444|22.662833|202.662833
43|138.599333|257.393000|45.399333|144.711556|342.097500|125.415889|286.833167|21.044778|201.044778
44|167.962667|295.471833|58.900167|153.262611|338.049778|162.310667|286.076444|19.509500|199.509500
45|198.888667|346.541778|64.617667|203.893778|335.256778|201.097556|286.573000|17.890611|197.890611
46|229.292667|22.054167|57.817444|248.767778|335.082111|238.422556|288.229833|16.295278|196.295278
47|261.452167|164.361208|9.153167|278.085602|280.008546|240.011565|271.157259|53.344273|233.344273
48|293.076583|216.604009|23.366861|280.555278|287.252056|279.199648|274.656213|51.613440|231.613440
49|321.339833|225.975639|37.921653|297.057310|293.499449|314.685134|277.404556|50.206495|230.206495
50|352.146556|277.326667|55.273056|351.257667|299.996389|353.698778|279.886833|48.499222|228.499222
51|21.371444|313.080231|72.731509|40.166204|304.689843|30.733560|280.958944|46.979171|226.979171
52|51.069944|359.451343|91.222259|39.274259|307.621417|69.043986|280.891403|45.332505|225.332505
53|79.570556|32.091139|109.785079|65.738782|307.892417|105.463681|279.317394|43.657782|223.657782
54|109.033722|76.742389|129.334167|121.049444|305.093556|141.852667|276.937722|42.100889|222.100889
55|138.857389|123.531333|148.838889|164.502722|300.934167|177.899000|275.229889|40.376444|220.376444
56|168.220722|159.468278|168.281611|155.260000|298.750667|212.854333|274.853333|38.788389|218.788389
57|199.532611|216.437352|189.142009|191.086917|299.389722|245.846528|275.881255|37.202218|217.202218
58|229.533722|248.865764|209.368944|241.546394|302.503042|269.072963|277.772477|35.628440|215.628440
59|260.722444|20.424759|215.753102|267.257431|254.062028|294.150509|261.372546|72.729273|252.729273
60|292.346861|67.707898|237.095481|306.489537|261.133991|331.966588|264.815213|71.104551|251.104551
61|321.613444|90.173972|257.811435|296.243037|266.600329|6.065167|267.456972|69.485602|249.485602
62|352.403500|141.541667|280.016611|337.159333|271.211667|38.582778|269.298889|67.831167|247.831167
63|21.623944|179.702454|301.402139|32.350278|273.424278|61.173731|270.044583|66.311394|246.311394
64|51.322444|231.285458|322.112148|68.907468|273.149704|59.451815|269.437694|64.611671|244.611671
65|79.823056|267.388917|340.619981|61.133426|270.310194|47.827176|267.297194|63.095838|243.095838
66|109.286222|314.332944|357.130778|108.171778|266.147167|65.396278|265.223111|61.379778|241.379778
67|109.286222|314.332944|357.130778|108.171778|266.147167|65.396278|265.223111|61.379778|241.379778
68|168.473222|32.069944|5.590833|181.871111|265.206278|128.578278|264.217889|58.120556|238.120556
69|199.399222|78.255667|357.881222|181.867222|268.415778|165.225278|265.438556|56.501444|236.501444
70|229.786222|113.442769|359.310315|228.374250|273.561662|201.999417|267.927435|54.907329|234.907329
71|260.975500|258.095653|344.335181|253.397014|229.892370|213.746532|251.005565|92.008162|272.008162
72|292.599917|302.927065|2.658856|306.302644|235.430528|246.957407|254.971560|90.436713|270.436713
73|320.863167|311.335000|21.002361|322.127889|239.263403|279.945634|257.200310|88.870384|268.870384
74|351.669889|356.709167|40.313667|325.875556|241.441278|316.871222|258.691333|87.322500|267.322500
75|20.894222|31.243565|59.180801|16.723519|241.017296|353.389463|258.986671|85.643338|265.643338
76|50.592722|81.036343|78.439463|71.181676|237.724472|31.208292|257.882111|83.996394|263.996394
77|138.380167|221.438000|136.940333|147.034722|233.061500|143.501667|252.985889|79.199778|259.199778
78|108.556500|170.654056|117.000778|94.048222|231.924444|105.344056|253.711000|80.765056|260.765056
79|138.380167|221.438000|136.940333|147.034722|233.061500|143.501667|252.985889|79.199778|259.199778
80|167.743500|256.726833|155.978111|192.776667|236.111222|180.381833|253.588500|77.611722|257.611722
81|198.669500|302.800111|175.724444|188.041111|241.355167|219.065167|255.333611|75.886667|255.886667
82|229.073500|335.502500|195.186111|214.029056|247.381389|255.890833|257.964889|74.291667|254.291667
83|261.233556|129.363986|200.720843|241.271713|204.995519|258.792574|241.959093|111.340324|291.340324
84|292.857972|178.919843|219.808731|295.166176|209.118625|298.003440|244.935463|109.715384|289.715384
85|321.121222|187.739250|237.273606|336.809509|210.865019|333.087792|246.877690|108.308657|288.308657
86|21.147278|266.963009|272.957593|3.311051|206.998028|48.103356|248.017542|104.975560|284.975560
87|50.845778|311.779398|287.094148|60.707106|203.344398|85.247250|246.290472|103.434727|283.434727
88|79.346389|345.643917|292.324616|103.064074|201.514917|119.630222|243.574583|101.759954|281.759954
89|108.809556|34.452111|287.291167|94.184444|202.537500|153.773278|242.232778|100.203111|280.203111
90|138.633222|86.014389|283.489722|133.231944|205.732556|184.345833|242.018889|98.478667|278.478667
91|167.996556|124.138000|290.060056|185.745944|210.227833|202.072611|243.036500|96.890611|276.890611
92|198.922556|175.588167|314.459778|215.278333|216.597278|189.346889|245.253833|95.324778|275.324778
93|229.326556|211.527222|322.686167|207.959778|223.426222|188.599278|247.958889|93.729778|273.729778
94|261.486056|353.075931|322.005593|237.441889|179.030764|307.486458|232.050130|130.778440|310.778440
95|293.110472|45.210120|344.772259|281.003560|180.838347|338.227083|234.783333|129.047606|309.047606
96|321.373722|54.626194|4.875528|330.689722|180.274611|353.998981|236.343796|127.640662|307.640662
97|352.180444|106.341389|26.338111|0.591611|177.056889|341.090278|236.986611|125.933389|305.933389
98|21.405333|142.508009|46.410361|356.421806|173.240694|340.843750|236.238204|124.413843|304.413843
99|51.103833|189.386620|66.397917|46.090727|171.520528|5.792023|234.207222|122.766394|302.766394
100|79.604444|222.211417|85.647639|100.038856|172.467958|37.186815|232.011852|121.091671|301.091671
101|109.067611|266.705444|105.431944|120.230556|175.727889|71.571722|230.777278|119.535056|299.535056
102|138.891278|312.991056|125.170889|123.765389|180.705056|108.292278|231.228778|117.810889|297.810889
103|168.254611|348.514667|144.207167|172.662889|186.633278|144.313111|232.620667|116.222556|296.222556
104|229.567611|77.473542|181.780037|221.241204|199.648671|219.462931|238.448185|113.062546|293.062546
105|260.756333|210.322815|184.771815|257.292593|150.739972|222.535194|221.865616|150.163380|330.163380
106|292.380750|257.057343|200.405597|268.409926|150.165278|260.454477|224.711875|148.538718|328.538718
107|321.647333|279.269806|212.817227|317.658264|147.010880|296.286444|225.648880|146.919551|326.919551
108|352.437389|330.201389|221.577056|8.387667|143.128167|334.709278|225.655444|145.265611|325.265611
109|21.657833|8.309120|220.947111|10.297634|141.511778|11.784662|224.494417|143.745560|323.745560
110|51.356333|60.160181|211.905944|33.954019|142.346944|50.221884|222.163278|142.045560|322.045560
111|79.856944|96.656139|210.649440|88.024028|145.859963|86.984306|220.499824|140.529954|320.529954
112|109.320111|144.151000|221.135444|135.040000|150.698722|124.820222|219.781444|138.814167|318.814167
113|139.143778|189.476056|237.661111|128.515556|156.853722|162.644167|220.436222|137.248667|317.248667
114|168.507111|222.106333|256.872000|159.434833|163.242833|199.150389|222.344444|135.660889|315.660889
115|199.433111|267.865389|277.758056|212.610556|169.602278|236.428222|225.241889|133.935889|313.935889
116|229.820111|302.638602|299.208542|246.531319|174.915750|271.903769|228.633259|132.341495|312.341495
117|261.009389|87.910375|303.071083|277.841898|119.299889|277.424009|212.005014|169.442329|349.442329
118|292.633806|132.913454|326.747875|268.683704|116.001944|316.083315|213.926986|167.870662|347.870662
119|320.897056|141.312306|348.237042|302.340347|112.380806|350.184898|214.764671|166.304551|346.304551
120|351.703778|186.455833|11.185000|358.391667|110.683944|27.430222|214.478556|164.756722|344.756722
121|20.928111|220.667176|32.427486|37.925926|111.545468|62.626352|212.779778|163.077782|343.077782
122|50.626611|269.903843|53.547861|29.729787|115.126139|96.038139|210.419806|161.430509|341.430509
123|79.127222|307.273083|73.369764|71.897884|120.019792|122.408968|208.993639|159.915005|339.915005
124|108.590389|359.317111|93.173000|127.520667|126.192944|131.465000|208.825667|158.198944|338.198944
125|138.414056|50.547722|112.793833|157.081611|132.986222|114.152333|210.030056|156.633944|336.633944
126|167.777389|86.253222|131.399500|151.408611|139.236111|124.855000|212.254556|155.045889|335.045889
127|198.703389|132.808167|150.000722|197.384611|144.747944|153.314500|215.317722|153.320889|333.320889
128|229.107389|165.610556|167.404167|246.452778|148.797444|186.220778|218.629056|151.725611|331.725611
129|261.267444|318.295375|167.329870|274.622222|82.898898|275.990778|201.852866|188.774273|8.774273
130|292.891861|8.294009|176.486944|294.492963|79.009241|262.369116|203.492097|187.149829|7.149829
131|321.155111|17.180083|178.415528|294.294444|77.923097|276.380556|203.908250|185.743162|5.743162
132|21.181167|96.933287|161.106921|37.748866|82.987852|338.411352|200.963667|182.409676|2.409676
133|50.879667|141.619676|164.111889|53.436431|88.449972|14.009866|198.803852|180.868616|0.868616
134|79.380278|175.178083|175.431315|61.816282|94.850241|48.760829|197.900972|179.193894|359.193894
135|108.843444|223.505444|192.651944|114.244278|101.805667|87.428667|198.232944|177.637222|357.637222
136|138.667111|274.764389|212.882778|164.314722|108.370167|125.499278|199.718333|175.912778|355.912778
137|168.030444|312.858000|234.032333|164.377111|113.842167|162.031167|202.283444|174.324778|354.324778
138|198.956444|4.618167|257.155833|185.304111|118.218556|200.737889|205.638889|172.759222|352.759222
139|229.360444|40.887222|279.633667|235.772667|120.086000|238.303167|208.942167|171.163667|351.163667
140|261.560778|181.941208|286.235329|262.770764|43.990944|240.179481|191.548259|208.212329|28.212329
141|293.176278|233.951787|310.383116|309.153194|42.876903|279.048819|192.745736|206.481495|26.481495
142|321.428444|243.345917|332.243171|303.770468|44.884014|314.103551|192.737625|205.075046|25.075046
143|352.218500|295.328056|356.309611|331.384444|49.234444|352.805222|191.324444|203.367778|23.367778
144|21.439222|331.823565|18.762023|26.368574|54.970972|30.000875|188.990222|201.847782|21.847782
145|51.137722|19.158287|40.663958|72.999097|61.904495|68.176065|187.258014|200.200838|20.200838
146|79.638333|52.158917|60.974657|65.272514|68.856241|104.579315|186.766213|198.525787|18.525787
147|109.101500|96.608778|81.316000|109.633611|75.677389|141.532611|187.491611|196.968944|16.968944
148|138.925167|142.524389|100.407000|155.829722|81.353444|178.331556|189.661000|195.245056|15.245056
149|168.288500|177.699667|118.478944|190.463889|85.472444|213.255222|192.494167|193.657000|13.657000
150|199.214500|228.413167|136.642167|181.212500|87.246778|245.956667|195.982556|192.090889|12.090889
151|229.601500|266.183819|152.911889|221.951157|86.364333|271.328398|199.225602|190.496495|10.496495
152|260.790500|40.177259|144.119690|247.139921|6.672486|294.027769|180.877866|227.597329|47.597329
153|292.414917|86.492898|143.876528|301.718764|9.048542|331.446292|181.682671|225.972884|45.972884
154|321.681500|108.505361|134.994889|332.401532|14.020583|5.043250|181.105093|224.353995|44.353995
155|352.471556|159.041389|127.664667|325.755056|20.264667|37.643333|179.215944|222.699778|42.699778
156|21.672556|197.015611|130.683810|11.753065|27.211130|61.937505|176.937870|221.126949|41.126949
157|51.361056|249.063792|141.652944|68.603264|34.621102|62.401991|175.748514|219.479676|39.479676
158|79.858333|285.851972|156.227944|93.969986|41.232806|49.032074|175.704037|217.964171|37.964171
159|109.326500|333.814333|174.554778|92.753056|46.933222|65.358278|176.975444|216.248111|36.248111
160|139.165167|19.439389|194.668556|142.214056|50.801500|95.367778|179.407500|214.683333|34.683333
161|168.545167|52.069667|216.090278|191.920944|52.240944|128.796167|182.585056|213.095056|33.095056
162|168.545167|52.069667|216.090278|191.920944|52.240944|128.796167|182.585056|213.095056|33.095056
163|199.491167|97.525389|239.346222|199.090444|50.912722|165.418444|186.172500|211.370056|31.370056
164|229.891500|131.944435|262.354481|211.040972|47.233833|201.562046|189.233213|209.775662|29.775662
165|261.048556|277.726208|269.643875|237.773931|333.663597|213.909282|169.660667|246.876495|66.876495
166|292.672972|323.017620|293.648593|288.578236|338.927278|246.821019|169.885972|245.304829|65.304829
167|320.936222|331.418417|315.598181|335.217824|344.780324|279.546671|168.888889|243.738995|63.738995
168|352.236278|22.530833|340.344222|342.610833|352.254333|317.000778|166.599139|242.164167|62.164167
169|20.962278|50.164954|3.255769|358.566065|359.291130|352.879847|164.603500|240.511671|60.511671
170|50.660778|98.915231|26.121940|54.100218|6.017278|30.702736|163.752569|238.864727|58.864727
171|79.161389|136.058639|47.389148|103.088963|11.229972|67.027736|164.256079|237.348894|57.348894
172|108.624556|188.080444|68.078167|102.366333|14.786056|104.832167|166.181389|235.633111|55.633111
173|138.448222|239.614389|87.087056|127.795667|15.875611|143.039500|168.976611|234.068111|54.068111
174|167.811556|275.664889|104.337167|180.197222|13.866056|180.297056|172.372778|232.480056|52.480056
175|198.737556|322.644833|120.920833|220.608278|9.877722|218.211500|175.999944|230.755056|50.755056
176|229.141556|355.593889|134.735444|210.051333|6.864722|255.609000|178.865389|229.159500|49.159500
177|261.301333|147.050097|110.167528|241.823315|303.695852|258.229856|157.797722|266.208162|86.208162
178|292.925750|197.567620|100.097273|275.009231|310.347704|297.433125|157.511667|264.583995|84.583995
179|321.189000|206.537028|94.235995|325.146523|317.156227|332.563069|156.013444|263.177051|83.177051
180|351.995722|253.937222|98.319611|7.296778|324.410000|10.894500|153.536222|261.522833|81.522833
181|21.220333|287.021898|109.717000|358.246880|330.320157|47.623222|151.899208|259.950005|79.950005
182|50.918833|331.611343|124.496796|39.812963|335.825949|84.826435|151.749264|258.303009|78.303009
183|79.419444|4.865306|140.999278|95.029616|338.628444|119.329792|152.850722|256.627782|76.627782
184|108.882611|52.598500|159.488944|130.394722|339.171167|153.625222|155.182889|255.071444|75.071444
185|138.706278|103.424111|182.706000|122.786944|336.482500|184.744167|158.393667|253.347278|73.347278
186|168.069611|141.464389|202.469500|165.958611|332.426722|203.891667|161.970000|251.759167|71.759167
187|198.995611|193.491222|222.688222|218.119444|330.059833|193.341556|165.448667|250.193111|70.193111
188|229.399611|230.151944|245.451056|234.711278|330.469833|190.181000|168.089389|248.597833|68.597833
189|261.594667|10.811208|253.717588|269.544074|276.510856|307.316116|144.988528|285.646773|105.646773
190|293.210167|62.548454|278.138949|267.107407|283.656657|338.753472|144.194389|283.915940|103.915940
191|321.462333|71.942583|299.875394|310.974028|289.801806|355.781204|142.163444|282.508995|102.508995
192|352.252389|124.147778|323.936056|5.753944|296.080056|345.015556|139.814444|280.801722|100.801722
193|21.473111|161.019398|347.135731|25.260185|300.547764|342.119583|138.827444|279.281671|99.281671
194|51.648278|215.212264|11.028194|30.911111|303.079194|6.435833|139.261162|277.608199|97.608199
195|79.672222|242.203361|32.332370|81.173310|302.791241|36.899935|140.960472|275.960005|95.960005
196|109.135389|286.676833|53.388389|133.684167|299.705556|71.285556|143.777722|274.403611|94.403611
197|138.959056|332.199111|72.720833|139.673222|295.610500|107.848389|147.411722|272.679167|92.679167
198|168.322389|6.959389|89.353500|154.755667|293.808444|143.811167|151.190833|271.090889|91.090889
199|199.248389|57.176222|103.305722|206.569167|294.957222|181.901167|154.427944|269.525333|89.525333
200|229.635389|94.780486|111.334255|249.458380|298.327208|218.958287|156.632454|267.930662|87.930662
201|260.824389|230.191981|66.515083|278.055324|250.863727|222.111861|131.623847|305.031773|125.031773
202|292.448806|276.055398|60.863944|276.889167|257.621491|259.999042|130.012389|303.407051|123.407051
203|321.715389|297.823139|65.779722|298.886833|262.896704|295.768412|127.626139|301.788162|121.788162
204|352.505444|347.829444|77.679056|353.978444|267.174722|334.188444|125.821556|300.133889|120.133889
205|21.706444|25.636167|92.771708|40.855648|269.138722|11.247315|125.481477|298.560838|118.560838
206|51.394944|77.794625|109.916931|35.887338|268.322481|49.653704|126.618898|296.913894|116.913894
207|79.892222|114.900861|127.769991|68.008421|265.155583|86.445139|128.902917|295.398338|115.398338
208|139.199056|209.485778|166.271056|163.869722|259.650611|162.145000|136.193889|292.117278|112.117278
209|168.579056|242.166056|186.109389|153.781944|261.165167|198.726833|139.770111|290.529167|110.529167
210|199.525056|287.316778|207.925889|192.996667|264.598167|235.990722|142.660278|288.804167|108.804167
211|229.925389|321.358602|230.009194|243.625255|269.911324|271.618093|144.526079|287.209551|107.209551
212|261.082444|107.387319|237.528852|269.681042|226.519037|276.846472|117.100093|324.302329|144.302329
213|292.706861|152.980120|260.959014|304.711634|231.854417|315.585259|114.889495|322.730940|142.730940
214|320.970111|161.401194|282.589014|294.779259|235.454792|349.722676|112.651907|321.164551|141.164551
215|351.776833|206.225556|306.228056|337.930389|237.365833|27.015778|111.402444|319.616722|139.616722
216|20.996167|239.788565|328.839213|32.964852|236.444796|62.364407|111.796130|317.937454|137.937454
217|50.694667|287.958565|352.045306|66.120000|232.899194|96.003417|113.236667|316.290282|136.290282
218|79.195278|324.789750|14.878375|61.378616|229.172778|123.706745|116.414583|314.730282|134.730282
219|108.658444|16.688500|35.698722|107.686111|227.750167|134.245000|120.066278|313.067556|133.067556
220|138.482111|68.549111|54.563278|161.383056|229.138444|116.876722|123.209444|311.502278|131.502278
221|167.845444|104.991278|69.192722|178.114444|232.619500|125.486389|127.608667|309.914222|129.914222
222|198.771444|152.511222|78.296889|181.756944|237.966278|153.213667|130.191556|308.188944|128.188944
223|229.175444|185.676944|77.270611|229.333611|244.072667|185.979722|131.546444|306.700000|126.700000
224|261.335222|335.862597|22.308463|256.181181|201.514130|279.263389|101.770694|343.740602|163.740602
225|292.959639|26.775120|32.050056|307.752227|205.417792|264.989616|99.196028|342.009769|162.009769
226|321.222889|35.799806|44.906597|317.110556|206.796361|276.966245|97.506616|340.602824|160.602824
227|352.029611|83.670556|61.040000|327.121667|205.915000|305.485889|96.967389|338.948389|158.948389
228|21.254222|116.966343|77.880000|19.585370|202.419694|338.149963|98.105829|337.375560|157.375560
229|50.952722|161.527176|96.321991|72.601815|198.831389|13.728954|100.555306|335.728616|155.728616
230|79.453333|194.573639|114.728435|75.895343|197.428528|48.444111|103.465236|334.054171|154.054171
231|108.916500|241.831833|133.999778|95.750389|198.710222|86.824056|107.192000|332.497278|152.497278
232|138.740167|292.264111|153.641111|149.722778|202.222278|125.081722|111.762556|330.772833|150.772833
233|168.103500|330.174389|173.058611|193.270722|206.993667|161.476722|114.857944|329.184778|149.184778
234|199.029500|22.392889|193.635889|185.226944|213.477222|200.175056|116.988667|327.618889|147.618889
235|229.433500|59.345278|214.819333|216.200056|220.173722|237.769611|117.769556|326.023667|146.023667
236|261.628556|199.813431|222.429403|243.432833|175.337708|239.658648|86.013472|3.072606|183.072606
237|293.244056|251.282620|244.457806|297.732778|176.740014|278.507829|83.537852|1.341773|181.341773
238|321.496222|260.652861|264.961019|336.735241|175.876426|313.557500|82.402042|359.934829|179.934829
239|352.286278|313.017778|287.950056|328.700278|172.398778|352.272444|82.875944|358.227556|178.227556
240|21.507000|350.165231|309.906403|5.623273|168.768259|29.468097|84.566333|356.707782|176.707782
241|51.682167|44.905875|331.968282|64.255861|167.419139|68.239236|87.514417|355.034310|175.034310
242|51.205500|38.569676|331.622361|63.348310|167.418306|67.624653|87.463583|355.060787|175.060787
243|79.706111|72.096417|352.006370|102.064917|168.588394|104.084491|91.174398|353.385838|173.385838
244|109.169278|116.636833|11.151333|93.075556|172.262333|141.106278|95.301278|351.829222|171.829222
245|138.992944|161.895778|26.471111|135.763611|177.431444|177.912111|98.995222|350.105056|170.105056
246|168.356278|196.312722|33.683611|187.789833|183.467444|213.159667|101.674556|348.516944|168.516944
247|199.282278|246.059556|28.461611|211.958611|190.223278|246.025556|103.218889|346.950889|166.950889
248|229.669278|283.531657|19.913528|208.408282|196.286958|272.314394|103.259778|345.303718|165.303718
249|260.858278|60.136486|351.063500|236.500069|146.609139|293.544616|69.298222|22.404551|202.404551
250|292.482694|105.659287|10.349157|281.810259|145.584722|331.064032|68.263625|20.833102|200.833102
251|321.749278|127.225361|27.737556|332.634167|142.219074|4.765704|67.889449|19.213718|199.213718
252|352.539333|176.772778|46.426722|356.633778|138.560778|37.755556|68.876833|17.559500|197.559500
253|21.740333|214.385333|64.798194|357.203148|137.294000|62.937560|71.225222|15.986620|195.986620
254|51.428833|266.572403|83.798861|49.093093|138.592153|66.014213|74.587833|14.339727|194.339727
255|80.401111|310.808449|102.755005|102.474861|142.377417|51.111685|78.574444|12.797644|192.797644
256|109.394278|352.967389|122.225889|115.240667|147.341222|65.674667|82.507389|11.108389|191.108389
257|139.232944|39.379111|142.005500|125.710556|153.601222|95.260278|85.813222|9.543111|189.543111
258|168.612944|72.152722|161.062556|175.452944|160.023944|128.429222|87.901556|7.954778|187.954778
259|199.558944|117.106778|180.948278|221.929333|166.328667|164.996222|88.815444|6.229778|186.229778
260|229.959278|150.847769|201.024954|217.239681|171.447417|201.136468|88.095593|4.635880|184.635880
261|261.116611|296.994819|206.673907|252.332963|114.554056|214.143269|54.700296|41.736713|221.736713
262|321.505944|357.393972|245.640792|319.552569|107.420222|279.750981|53.844787|38.572468|218.572468
263|351.811000|36.128889|266.040333|8.109556|106.222278|315.978778|55.483389|37.050611|217.050611
264|21.030056|69.449954|285.428778|6.341894|107.584500|352.382856|58.228278|35.371949|215.371949
265|50.728556|117.141343|303.374981|34.481519|111.413917|30.186662|61.920787|33.724727|213.724727
266|79.229167|153.681417|316.135644|88.927370|116.532718|66.522181|65.887500|32.156116|212.156116
267|108.692333|205.398500|321.318722|134.316667|122.882667|104.315611|69.597500|30.493111|210.493111
268|138.516000|257.482444|315.723389|126.100389|129.697056|142.495056|72.447667|28.928111|208.928111
269|167.879333|294.217944|312.918778|160.074000|135.851389|179.803833|74.009667|27.339778|207.339778
270|198.805333|342.211222|320.887889|213.410278|141.251000|217.764778|74.061722|25.614778|205.614778
271|229.209333|15.603611|334.351889|244.661944|145.109444|255.105389|72.735833|24.126167|204.126167
272|261.369111|164.526208|329.572389|277.030278|77.449972|257.667079|39.731815|61.174829|241.174829
273|292.993528|215.854009|351.625634|267.624722|73.976704|296.867532|39.211880|59.443995|239.443995
274|321.256778|224.953139|10.987551|304.698681|73.160875|332.038347|40.103690|58.037051|238.037051
275|352.063500|273.396944|31.702167|0.847500|75.075167|10.369778|42.287889|56.382833|236.382833
276|21.288389|306.877454|51.009606|36.091741|79.060352|47.110269|45.504787|54.810005|234.810005
277|50.986889|351.489954|70.990083|29.331296|84.761639|84.340861|49.412176|53.162782|233.162782
278|79.487500|24.335028|90.196060|74.537977|91.269963|119.024866|53.509792|51.488060|231.488060
279|108.950667|71.135167|110.111500|129.560444|98.279056|153.477167|56.807611|49.931444|229.931444
280|138.774333|121.127444|129.938500|153.409444|104.814444|185.120500|59.030944|48.207000|228.207000
281|168.137667|158.919389|148.790000|152.014722|110.148278|205.535556|59.844778|46.618667|226.618667
282|199.063667|211.222889|168.217611|200.106056|114.160833|197.348167|59.198056|45.053389|225.053389
283|229.467667|248.458611|187.052222|247.912500|115.690167|191.730556|57.214389|43.458056|223.458056
284|261.662444|28.842597|191.602157|276.505278|38.596000|307.069991|24.640444|80.506713|260.506713
285|293.277944|79.910398|209.013056|289.592407|38.176639|338.991185|24.979056|78.775880|258.775880
286|321.530111|89.277028|223.009569|294.094074|40.374560|357.261292|26.428801|77.368995|257.368995
287|352.320167|141.719167|237.391389|347.273056|45.139167|348.950889|29.373278|75.661667|255.661667
288|21.540889|179.182454|245.860449|39.158463|51.085972|343.420417|32.989648|74.141949|254.141949
289|51.239389|228.153565|245.891477|47.940556|58.196588|6.153204|37.072907|72.495005|252.495005
290|79.740000|262.031694|238.433634|63.397778|65.155130|36.649116|40.703824|70.926343|250.926343
291|109.203167|306.749889|239.730833|117.056944|71.897389|70.990111|43.574778|69.263111|249.263111
292|139.026833|351.732167|251.139778|164.988333|77.424333|107.398333|45.219000|67.538944|247.538944
293|168.390167|25.772444|267.704556|160.494611|81.136333|143.309500|45.384833|65.950889|245.950889
294|199.316167|74.975944|286.999333|187.448000|82.630389|181.381833|44.079000|64.385278|244.385278
295|229.703167|112.177769|307.695486|238.287019|81.248139|218.468940|41.644528|62.737606|242.737606
296|260.892167|250.221764|309.899713|263.663819|1.739977|221.699241|9.963671|99.838440|279.838440
297|292.516583|295.431231|333.439417|308.530352|4.909931|259.546722|11.019324|98.267051|278.267051
298|321.783167|316.754528|354.990014|300.480093|9.885861|295.256769|13.086713|96.648102|276.648102
299|352.573222|5.712500|17.383722|333.828556|16.324389|333.667611|16.176833|94.993944|274.993944
300|21.774222|43.043667|38.324921|28.951389|23.389185|10.714741|20.331676|93.421116|273.421116
301|51.462722|95.222958|59.054088|72.502500|30.807213|49.090019|24.402657|91.773894|271.773894
302|79.960000|132.807806|78.593264|63.329148|37.303361|85.905972|27.656935|90.258338|270.258338
303|109.428167|182.395444|98.401500|110.637667|42.816833|123.799556|30.088889|88.542278|268.542278
304|139.266833|229.330500|117.967722|158.173889|46.232889|161.645833|30.928556|86.977278|266.977278
305|168.646833|262.257444|136.892722|188.282222|47.363611|198.296833|30.412056|85.389222|265.389222
306|199.592833|307.066500|155.825889|181.293056|45.344944|235.553222|28.353444|83.664222|263.664222
307|229.993167|340.460269|173.643630|224.500806|41.768833|271.324338|25.897111|82.069829|262.069829
308|261.150500|126.535097|174.409736|249.749181|329.346481|276.273875|355.835569|119.170662|299.170662
309|292.774917|172.917620|187.214463|303.719370|334.854245|315.087481|357.486389|117.598935|297.598935
310|321.038167|181.388694|193.028333|329.618056|340.845602|349.260176|0.019852|116.139273|296.139273
311|351.844889|226.196944|191.138167|325.115556|348.331278|26.601611|3.668611|114.485000|294.485000
312|21.063944|259.269120|180.503611|12.632583|355.463287|62.003500|7.639602|112.805838|292.805838
313|50.762444|306.398287|178.092060|69.095486|2.029417|95.928704|11.409542|111.158894|291.158894
314|79.263056|342.548917|186.474171|90.320741|7.024542|123.508741|14.201634|109.590282|289.590282
315|138.549889|86.238833|221.258889|143.197722|10.711722|119.873611|16.324722|106.362000|286.362000
316|108.726222|33.994889|201.892056|92.498611|10.155167|137.005389|15.983389|107.927222|287.927222
317|167.913222|123.327667|242.214778|192.052333|8.298278|126.183333|14.984389|104.774222|284.774222
318|198.839222|171.917611|264.670333|195.294722|4.158500|153.217889|12.490833|103.049222|283.049222
319|229.243222|205.611667|286.718222|211.367500|1.631111|185.726111|10.548222|101.560056|281.560056
320|261.403000|353.258986|292.821935|239.081435|299.892861|282.402778|342.387889|138.608718|318.608718
321|293.027417|44.889009|316.712639|291.325838|306.688435|267.680005|344.537958|136.877884|316.877884
322|321.290667|54.034528|338.412083|336.625602|313.406111|277.651681|347.408546|135.471157|315.471157
323|352.097389|102.976944|1.981222|337.883056|320.490500|305.464222|351.128722|133.817000|313.817000
324|21.322278|136.849120|24.090190|0.371620|326.293319|337.888852|355.132065|132.244171|312.244171
325|51.020778|181.586065|45.980194|56.941051|331.408569|13.438875|358.534194|130.597176|310.597176
326|79.521389|214.264750|66.128806|103.924458|333.965111|48.124514|0.818912|128.921949|308.921949
327|108.984556|260.546556|85.941111|98.743722|333.863944|86.222278|1.906000|127.365333|307.365333
328|138.808222|309.995500|105.257667|129.946889|330.842889|124.668833|1.324778|125.641167|305.641167
329|168.171556|347.545778|123.590889|182.547056|326.860833|160.922556|359.447722|124.053389|304.053389
330|199.097556|39.899278|141.950000|219.612222|324.862889|199.620889|356.898389|122.487278|302.487278
331|229.501556|77.421667|158.811444|208.897556|325.881500|237.231111|355.646500|120.892000|300.892000
332|261.696611|218.011486|154.325111|239.692315|273.022509|239.137537|329.640833|157.940662|337.940662
333|293.312111|268.711231|158.351866|277.382722|280.034481|277.969060|332.317407|156.209829|336.209829
334|321.564278|278.044528|152.188616|327.625630|286.069028|313.013731|335.729796|154.750106|334.750106
335|352.354333|330.495833|142.098389|5.831389|292.089778|351.739944|339.434778|153.095889|333.095889
336|21.574778|8.170787|140.923556|357.166991|296.314032|28.935597|343.024528|151.576065|331.576065
337|51.273278|57.616065|149.534153|42.315935|298.488917|67.080236|345.810384|149.928894|329.928894
338|79.773889|91.803361|163.384667|97.196458|297.670130|103.586560|347.363819|148.360282|328.360282
339|109.237056|136.733222|181.349056|127.672667|294.233944|140.673778|347.764944|146.697556|326.697556
340|139.060722|181.555500|201.565444|123.070833|290.349944|177.503778|346.532556|144.973389|324.973389
341|168.424056|215.305778|222.955778|168.718167|288.987444|213.064111|344.188222|143.385056|323.385056
342|199.350056|264.027611|246.072444|219.692222|290.556667|245.960833|342.084611|141.819500|321.819500
343|229.737056|300.985824|268.992259|229.987963|294.289463|273.268565|341.405667|140.172051|320.172051
344|260.926333|80.198708|275.710542|266.080537|247.617588|293.064736|317.842579|177.272824|357.272824
345|292.550750|125.179843|299.929963|266.967130|254.108991|330.686495|320.811352|175.701218|355.701218
346|321.817333|146.327028|322.611074|313.765227|259.168972|4.472926|324.121722|174.082329|354.082329
347|352.607389|194.799167|346.842389|7.138056|263.137778|37.867778|327.883000|172.428111|352.428111
348|21.808389|231.882278|9.693759|19.963593|264.726389|63.912708|330.945569|170.855005|350.855005
349|51.496889|283.943236|32.459412|31.735519|263.495537|69.602704|333.241370|169.208060|349.208060
350|79.994167|321.711417|53.514718|84.012639|259.947250|53.370880|334.320412|167.692454|347.692454
351|109.462333|11.738778|73.641611|134.640000|256.243389|66.302778|333.751833|165.976389|345.976389
352|139.301000|59.113833|92.574000|135.122778|255.270611|95.139389|332.081667|164.411444|344.411444
353|168.681000|92.220778|110.370333|156.666278|257.124333|128.064222|329.635889|162.823389|342.823389
354|199.627000|136.969833|127.521722|209.180278|260.914833|164.574000|328.178833|161.098389|341.098389
355|230.027333|170.121935|142.670815|249.182153|266.341324|200.704500|328.285125|159.503718|339.503718
356|261.184389|315.959264|124.977000|278.458657|223.145426|214.389718|306.479532|196.604551|16.604551
357|292.808806|2.769287|118.449856|273.463477|228.133583|245.442407|309.548940|195.033440|15.033440
358|321.072056|11.278972|109.442139|299.264861|231.646181|278.776958|313.119824|193.573440|13.573440
359|351.878778|56.156944|108.700833|354.883889|233.049444|315.570444|316.676611|191.919222|11.919222
360|21.098111|89.074398|116.939074|40.080569|231.862542|351.890736|319.387213|190.240005|10.240005
361|51.575167|146.546194|131.126704|33.335278|227.977963|30.657972|321.016565|188.549731|8.549731
362|79.297222|171.560306|146.725403|68.602269|224.683889|66.016625|321.428597|187.024171|7.024171
363|108.760389|222.741556|164.995222|124.324722|223.635333|103.794278|320.474333|185.361667|5.361667
364|138.584056|275.053833|184.920389|162.117722|225.215389|141.950611|318.035389|183.743667|3.743667
365|167.947389|312.394333|211.311667|152.366944|229.122722|179.275611|315.864889|182.208389|2.208389
366|198.873389|1.465944|228.661944|193.759056|234.577111|217.310889|315.686611|180.589500|0.589500
367|229.277389|35.448333|251.591833|244.156056|240.788556|254.601778|316.596222|178.994167|358.994167
368|261.436889|181.998986|260.057074|272.104718|198.032741|257.104519|296.500750|216.042884|36.042884
369|293.061306|233.850120|284.224333|302.018546|201.704278|296.306880|299.244444|214.312329|34.312329
370|321.324556|243.062306|306.031227|294.400185|202.662750|331.513625|302.498852|212.905384|32.905384
371|352.131278|292.484167|330.107833|340.526667|201.360000|9.845056|305.732500|211.198111|31.198111
372|21.356167|326.667731|353.383421|35.095148|197.766111|46.600421|307.999102|209.678060|29.678060
373|51.054667|11.573009|16.811269|62.428704|194.326944|83.850282|309.155574|208.031116|28.031116
374|109.018444|90.033222|59.446333|110.407222|194.932278|153.329111|307.395944|204.799778|24.799778
375|168.205444|176.332444|95.423889|173.315000|203.759500|207.089167|303.347667|201.487278|21.487278
376|79.555278|44.136694|38.441778|60.807532|193.342139|118.715218|309.039403|206.356394|26.356394
377|138.842111|138.995500|78.629667|162.955000|198.712000|185.255556|304.979667|203.075333|23.075333
378|199.131444|228.662611|110.526000|183.128333|210.333000|201.368222|303.174778|199.921722|19.921722
379|229.535444|266.378333|120.912667|232.061222|216.921222|193.379444|304.386889|198.326167|18.326167
380|261.730500|47.258986|84.808694|258.981917|171.560259|306.836426|285.777019|235.375046|55.375046
381|293.346000|98.104287|75.135806|308.944398|172.641958|338.966977|289.262704|233.750384|53.750384
382|321.598167|106.759250|75.659458|312.036389|171.346083|359.043796|292.363667|232.184491|52.184491
383|352.388222|159.102222|84.854944|328.803056|167.689889|353.001278|295.138667|230.530056|50.530056
384|21.608667|197.106065|98.975755|22.422245|164.274634|345.090694|297.013245|229.010282|49.010282
385|51.307167|246.992681|115.721750|73.241435|163.316361|6.319514|297.436792|227.310282|47.310282
386|79.807778|281.505306|133.133815|71.535926|164.856458|36.416292|296.823014|225.794449|45.794449
387|109.270944|326.700444|152.367222|103.522333|168.949000|71.805833|294.702778|224.078667|44.078667
388|139.094611|11.428833|171.372056|152.375556|174.157833|106.941722|292.539444|222.513667|42.513667
389|169.000611|51.917556|191.956736|193.476306|180.420167|143.481917|291.504778|220.790319|40.790319
390|199.383944|93.149833|213.537167|183.340000|186.981333|180.858000|291.690111|219.200556|39.200556
391|229.770944|130.483602|235.952764|218.361509|192.949255|217.975088|293.461111|217.605940|37.605940
392|260.960222|270.317875|243.593074|243.993097|142.478306|221.370241|275.704046|254.707051|74.707051
393|292.584639|315.094565|267.504509|298.489514|140.992199|259.097616|279.271685|253.135602|73.135602
394|322.352889|342.355917|290.293875|336.425463|137.372056|295.370819|282.265009|251.489690|71.489690
395|352.641278|23.943889|313.756667|327.265556|133.993333|333.146500|284.572056|249.968389|69.968389
396|21.842278|60.668111|336.624778|8.012560|133.076500|10.192069|286.003144|248.289171|68.289171
397|51.530778|112.541014|0.126972|65.812190|134.938542|48.531282|286.181500|246.642176|66.642176
398|80.028056|150.442250|22.180639|100.186199|138.732319|85.366806|284.923148|245.126671|65.126671
399|109.496222|200.948500|43.356778|92.771111|143.983444|123.282111|282.612500|243.410889|63.410889
400|139.334889|248.896889|62.476611|138.336889|150.348722|161.146667|280.703000|241.845833|61.845833
401|168.714889|282.267167|77.981278|189.850556|156.828778|197.860722|280.149667|240.257556|60.257556
402|199.660889|327.022889|89.093722|207.828333|163.055056|235.116000|280.995778|238.532278|58.532278
403|230.061222|359.915824|92.303699|209.498898|167.979361|271.020861|282.802611|236.938162|56.938162
404|261.218278|145.301208|37.542111|236.835903|109.687306|275.706000|266.060264|274.030940|94.030940
405|292.842694|192.647620|42.123481|284.583171|105.820806|314.589704|269.531264|272.406157|92.406157
406|321.105944|201.209806|52.358472|333.263866|102.704444|348.797954|272.178444|270.999213|90.999213
407|351.912667|246.270000|67.134889|352.540556|101.760333|26.187167|274.560722|269.344778|89.344778
408|21.132000|279.035787|83.393898|356.957315|103.627556|61.594412|275.253944|267.665838|87.665838
409|50.830500|325.206065|101.410602|50.101398|107.701417|95.718884|274.821681|266.125005|86.125005
410|79.331111|0.603639|119.557880|102.037361|113.069708|123.988671|273.173139|264.450509|84.450509
411|108.794278|51.386278|138.734333|110.934444|119.572667|139.244556|270.777722|262.893667|82.893667
412|138.617944|103.718556|158.303722|125.346667|126.407889|123.680778|269.380833|261.169222|81.169222
413|167.981278|141.332167|177.978500|176.389000|132.490389|127.104167|269.254167|259.581167|79.581167
414|198.907278|190.959000|199.194278|221.585889|137.754056|153.278722|270.384722|258.015056|78.015056
415|229.311278|225.314722|220.598222|214.543444|141.268000|185.460000|272.590278|256.420056|76.420056
416|261.470778|10.592042|228.339963|248.036204|72.000250|285.551181|256.428546|293.468995|113.468995
417|293.095194|62.671509|251.037088|272.011394|68.947537|270.960056|259.768361|291.738162|111.738162
418|321.358444|71.933694|272.127889|321.490111|68.567597|278.415287|262.193824|290.331218|110.331218
419|352.165167|121.912222|295.382889|8.829944|70.884944|305.442278|263.837667|288.623944|108.623944
420|21.390056|156.488009|317.686880|2.846296|75.132852|337.627741|264.309306|287.104120|107.104120
421|51.088556|201.678287|340.102194|36.686667|81.073583|13.139074|263.441759|285.456671|105.456671
422|79.589167|234.172250|1.439356|91.556773|87.689407|47.801583|261.300528|283.782227|103.782227
423|109.052333|279.642944|21.806611|133.410556|94.776556|85.624056|259.173222|282.225611|102.225611
424|138.876000|328.021889|39.340444|124.503500|101.282778|124.260722|258.223278|280.501444|100.501444
425|168.239333|5.045500|50.967222|162.512389|106.454667|160.368111|258.610222|278.912833|98.912833
426|199.165333|57.269000|53.116889|215.693611|110.025278|199.066444|260.138556|277.347278|97.347278
427|229.569333|95.196389|44.426667|241.951111|111.294333|236.688111|262.750111|275.752000|95.752000
428|261.764389|236.598153|2.415204|275.281667|33.162389|238.616704|246.202509|312.800940|132.800940
429|293.379889|286.359565|17.845921|267.181569|33.521361|277.433009|249.779944|311.176435|131.176435
430|321.632056|295.617306|34.113181|307.287778|36.120662|312.472185|251.870310|309.610106|129.610106
431|352.422111|347.822222|52.364667|3.017056|41.043611|351.205778|253.130000|307.955889|127.955889
432|21.642556|25.864120|69.934773|33.114699|47.200972|28.402819|253.141556|306.435838|126.435838
433|51.341056|76.271847|88.637361|29.547361|54.513023|66.542991|251.739417|304.736116|124.736116
434|79.841667|111.214750|107.331829|77.221079|61.454019|103.085347|249.479889|303.220560|123.220560
435|109.304833|156.768500|126.807444|131.610833|68.116278|140.234889|247.636556|301.504778|121.504778
436|139.500333|206.124194|146.712014|148.570463|73.529486|177.550056|247.246500|299.919162|119.919162
437|168.491833|234.677167|165.840000|153.061500|76.799944|212.968556|248.072389|298.351167|118.351167
438|199.417833|282.326222|186.383722|202.820722|77.909056|245.896111|250.100722|296.626167|116.626167
439|229.804833|318.636102|206.681741|249.015046|76.047861|273.890278|252.907824|295.032269|115.032269
440|260.994111|100.283986|212.652352|276.723380|356.843301|292.587694|236.691593|332.132606|152.132606
441|292.618528|144.969287|233.601148|285.465176|0.772806|330.290981|239.609065|330.561218|150.561218
442|321.885111|165.782583|253.798324|296.778796|5.784731|4.180148|241.490319|328.942269|148.942269
443|353.051861|218.315324|275.812954|350.895097|12.521370|38.304731|242.636556|327.373606|147.373606
444|21.876167|249.609778|296.281667|40.514093|19.570546|64.504338|241.767264|325.715005|145.715005
445|51.564667|301.281014|316.318907|43.019171|26.923639|72.531750|239.906722|324.068060|144.068060
446|80.061944|339.220028|333.180870|65.191111|33.261426|55.800602|236.792222|322.552505|142.552505
447|109.530111|30.111833|346.676722|119.905000|38.497167|66.911500|236.189444|320.836444|140.836444
448|139.368778|78.543556|350.988667|165.415389|41.664278|94.992389|236.311444|319.271444|139.271444
449|168.748778|112.160500|344.583833|157.433056|42.227444|127.750611|237.620111|317.683333|137.683333
450|199.694778|156.987556|341.762389|189.672833|39.773167|164.151500|240.053278|315.958333|135.958333
451|230.095111|189.707213|349.141111|240.665421|36.167306|200.266421|242.660880|314.363995|134.363995
452|261.252167|334.545653|337.656708|266.352870|325.228667|214.636106|226.539056|351.464829|171.464829
453|292.876583|22.365954|358.521755|307.994028|330.921713|246.411574|229.399713|349.840384|169.840384
454|321.139833|30.978139|17.122116|297.915926|337.018907|278.406546|230.684991|348.433440|168.433440
455|351.946556|76.253333|37.228111|334.557056|344.510222|315.161833|230.967944|346.779222|166.779222
456|21.165889|108.938009|56.326671|29.696667|351.528944|351.401722|229.964088|345.100231|165.100231
457|50.864389|154.737176|75.867023|70.904046|357.879139|29.140755|227.757569|343.559171|163.559171
458|79.365000|189.786417|94.804523|61.604347|2.641486|65.510792|225.842648|341.884449|161.884449
459|108.828167|240.192944|114.611111|109.149000|5.488167|103.268222|225.017833|340.327778|160.327778
460|138.651833|292.451889|134.311500|158.699444|5.457000|141.405889|225.420111|338.603611|158.603611
461|168.015167|330.265500|153.467889|185.649444|2.668000|178.730889|226.982444|337.015056|157.015056
462|198.941167|20.335667|173.127611|180.749222|358.539167|216.849778|229.690278|335.449500|155.449500
463|229.345167|55.014722|192.388056|225.522889|356.397222|254.098167|233.059667|333.854222|153.854222
464|261.545222|199.305931|197.637259|252.350542|296.115361|256.541741|216.678093|10.903102|190.903102
465|293.160722|251.526787|216.258574|305.732644|303.008083|295.750731|218.873097|9.172269|189.172269
466|321.412889|260.833417|232.739213|325.972866|309.639444|330.990190|219.836250|7.765324|187.765324
467|352.202944|311.255556|250.105722|325.836389|316.547722|9.320056|219.695667|6.058056|186.058056
468|21.423944|346.153565|264.693255|15.573713|322.231329|46.093630|218.239634|4.538338|184.538338
469|51.122444|31.642454|274.894292|70.896611|326.986069|83.366042|215.887861|2.891394|182.891394
470|51.122444|31.642454|274.894292|70.896611|326.986069|83.366042|215.887861|2.891394|182.891394
471|79.623056|64.135028|274.586370|85.583333|329.300241|118.400620|214.258917|1.216620|181.216620
472|109.086222|109.302944|267.749889|93.697889|328.556444|153.143556|213.841056|359.659500|179.659500
473|138.909889|157.188556|269.638944|145.964444|325.172611|185.387500|214.872833|357.935333|177.935333
474|168.273222|193.908833|281.007500|193.046944|321.324722|208.332222|216.952056|356.347278|176.347278
475|199.199222|246.010667|297.984222|191.193389|319.890389|205.435167|219.929889|354.781444|174.781444
476|229.603222|284.026389|316.957611|213.254667|321.293444|195.106222|223.281556|353.186167|173.186167
477|261.798556|66.043986|317.946880|240.837824|269.510213|306.615301|206.629255|30.234829|210.234829
478|293.414056|115.235120|340.955273|294.083894|276.388296|338.978046|208.419657|28.610384|208.610384
479|321.666222|124.439250|1.284083|337.243560|282.336250|0.365741|209.023171|27.044273|207.044273
480|352.456278|176.418611|23.046333|334.019444|288.099222|357.052944|208.309944|25.389778|205.389778
481|21.657000|214.675056|44.041412|4.258273|292.145856|347.069306|206.408958|23.817227|203.817227
482|51.156333|221.689954|158.810514|31.335866|189.852444|12.827694|169.390625|80.325282|260.325282
483|79.842778|300.765306|83.189486|104.080903|292.549019|36.196194|203.018750|20.654449|200.654449
484|109.310944|346.691833|102.993000|96.176944|288.760556|70.370444|203.231833|18.938667|198.938667
485|139.149611|31.413556|122.755389|132.268889|285.147778|106.479889|204.590611|17.373667|197.373667
486|168.529611|64.423833|141.614611|184.958500|284.318833|142.310333|206.980944|15.785333|195.785333
487|199.475611|111.612889|160.771222|217.790167|286.156111|180.329444|210.212222|14.060611|194.060611
488|229.892944|147.843667|179.000778|208.526889|290.328500|217.496944|213.504667|12.465333|192.465333
489|261.033278|290.351208|181.189236|238.133796|244.323116|221.027005|196.409644|49.567051|229.567051
490|292.657694|335.008176|196.107528|278.267139|250.596491|258.651685|197.813514|47.995384|227.995384
491|321.924278|355.680639|206.969046|330.121713|255.417292|294.252093|197.968458|46.376218|226.376218
492|352.714333|42.556944|211.698611|3.580278|259.100833|332.625667|196.834056|44.828611|224.828611
493|21.910333|78.547000|206.148792|357.055417|260.156944|9.671236|194.606111|43.149171|223.149171
494|80.096111|167.870583|200.959102|99.378958|254.780384|84.827639|191.959708|39.986671|219.986671
495|109.564278|219.124889|213.774389|123.997500|251.448222|122.759944|192.424889|38.270611|218.270611
496|139.402944|268.151611|231.764611|123.937500|250.890333|160.649722|194.467389|36.705333|216.705333
497|168.782944|302.111889|251.481167|171.521778|253.095944|197.397500|197.165278|35.117556|215.117556
498|199.728944|347.084278|273.355889|221.170000|257.207556|234.680444|200.574111|33.392556|213.392556
499|230.129278|19.668324|295.194722|225.154815|262.771324|270.708157|203.858657|31.798102|211.798102
500|261.286056|163.669264|299.405685|261.564958|219.772093|275.142690|185.945366|68.898718|248.898718
501|292.910472|212.072898|323.209495|268.100407|224.702750|314.091926|186.924088|67.274273|247.274273
502|321.173722|220.755361|344.615824|314.730815|227.837569|348.335454|186.629537|65.867329|245.867329
503|351.980444|266.339722|7.967167|7.150000|228.728056|25.772722|184.986833|64.213389|244.213389
504|21.205056|299.005509|29.445481|15.456690|227.142926|61.194769|182.605250|62.640560|242.640560
505|50.903556|344.409398|50.872125|31.957352|223.291204|95.521616|181.182931|60.993565|240.993565
506|79.404167|19.043361|70.806708|85.021528|220.182222|124.351398|180.881102|59.318338|239.318338
507|108.867333|68.956000|90.583889|134.460556|219.484444|141.340000|181.997111|57.761722|237.761722
508|138.691000|121.044944|110.088056|131.779444|221.468167|127.440722|184.233056|56.037556|236.037556
509|168.054333|159.021889|128.691722|157.221000|225.601889|128.025000|187.239778|54.449722|234.449722
510|198.980333|209.612056|147.354000|210.008889|231.188222|153.339556|190.780278|52.883667|232.883667
511|229.384333|244.721111|164.599333|247.929611|237.528333|185.221722|193.881111|51.288389|231.288389
512|261.579389|27.931764|163.067384|278.789213|194.551352|288.732296|175.039264|88.337051|268.337051
513|293.194889|80.220120|171.045398|270.685556|197.780051|274.433227|175.500972|86.606218|266.606218
514|321.447056|89.562028|169.526940|301.510069|198.529139|279.269491|174.735769|85.199273|265.199273
515|321.948722|96.619806|169.415412|302.349653|198.526639|279.573352|174.709444|85.172745|265.172745
516|79.656944|254.231139|171.138134|70.928745|189.255750|47.475421|169.706912|78.650560|258.650560
517|109.120111|299.094333|188.502056|126.782833|191.250889|85.028667|171.285611|77.093889|257.093889
518|138.943778|346.433278|208.719889|159.930889|195.201722|123.857278|173.936889|75.369444|255.369444
519|168.307111|22.776889|230.257944|152.015111|200.525333|159.813667|177.257944|73.781444|253.781444
520|229.637111|112.702778|275.837111|246.198444|213.668722|236.140167|183.908944|70.620333|250.620333
521|229.637111|112.702778|275.837111|246.198444|213.668722|236.140167|183.908944|70.620333|250.620333
522|261.832444|255.566486|282.931528|274.105556|167.672255|238.095593|163.436333|107.669213|287.669213
523|293.447944|304.270676|306.962023|298.262060|168.543625|276.898963|163.467319|106.044273|286.044273
524|321.700111|313.421194|328.829940|294.645833|166.811449|311.933139|162.131778|104.478718|284.478718
525|352.490167|5.163611|352.873833|343.245056|163.013500|350.653611|159.717111|102.824444|282.824444
526|21.691167|43.340889|15.648935|37.209644|159.831519|27.870042|157.911153|101.251394|281.251394
527|51.379667|94.568236|37.957218|57.854292|159.214139|66.012968|157.410097|99.604449|279.604449
528|79.876944|130.261139|58.348639|61.866444|161.163403|102.581028|158.304889|98.088616|278.088616
529|109.345111|176.664889|78.508556|113.136722|165.331222|139.789611|160.477056|96.372556|276.372556
530|139.183778|221.513278|97.692778|164.405556|170.884222|176.686833|163.540611|94.807833|274.807833
531|168.563778|254.336889|115.579833|168.339722|177.135778|212.870833|167.061389|93.219778|273.219778
532|199.509778|301.059278|133.480722|184.837778|183.739389|245.831389|170.509444|91.494778|271.494778
533|229.910111|336.608324|149.306866|234.676801|189.635597|274.438056|173.210602|89.900106|269.900106
534|261.067444|120.273153|137.991468|259.941106|138.357264|292.114144|151.143250|127.000940|307.000940
535|292.691861|164.955398|139.358940|308.617444|136.384838|329.863722|150.711074|125.429551|305.429551
536|321.958444|185.535083|125.507968|307.357315|132.711778|3.887370|148.852227|123.810384|303.810384
537|352.748500|231.990278|120.485389|330.667500|129.518056|37.830667|146.343444|122.262556|302.262556
538|21.944222|267.631167|125.810366|25.270106|128.948611|65.157171|145.066889|120.583338|300.583338
539|51.632722|318.638514|137.880227|73.909014|131.284931|75.312023|145.277968|118.936343|298.936343
540|80.130000|356.590861|153.314301|67.985000|135.132500|58.333630|146.658352|117.420560|297.420560
541|109.598167|48.129889|171.446722|106.432444|140.625944|67.496333|149.274833|115.704778|295.704778
542|168.816833|131.895222|212.818389|192.240444|153.657722|127.452556|156.437000|112.551722|292.551722
543|199.762833|177.070944|235.807389|182.305944|159.781444|163.729278|159.816944|110.826722|290.826722
544|230.163167|209.572769|258.785903|220.934736|164.511028|199.821736|162.108843|109.232329|289.232329
545|261.319944|352.747042|266.233500|246.232236|104.791750|215.021741|138.029958|146.333162|326.333162
546|292.944361|41.647065|290.419213|300.895903|100.759778|246.274907|136.765380|144.708657|324.708657
547|321.207611|50.379528|312.275880|334.438796|97.974444|278.051144|134.500722|143.301773|323.301773
548|352.014333|96.288056|336.480333|325.766667|97.553611|314.753500|132.463500|141.647500|321.647500
549|21.239222|128.965231|359.642620|8.877509|99.670611|350.915991|131.768903|140.074449|320.074449
550|50.937722|174.104120|22.985106|66.318264|103.989194|28.622574|132.586954|138.427505|318.427505
551|79.438333|208.394194|44.375657|97.526667|109.630639|65.005236|134.668472|136.752782|316.752782
552|108.901500|257.839333|64.930222|91.949167|116.262389|102.737500|137.737889|135.195889|315.195889
553|138.725167|309.784944|84.126778|139.268667|123.118722|140.861444|141.525056|133.471722|313.471722
554|168.088500|347.835222|101.285056|190.347944|129.153722|178.186444|145.249833|131.883667|311.883667
555|199.014500|38.822056|117.498667|204.044944|134.257111|216.381722|148.272500|130.317778|310.317778
556|229.418500|74.269444|130.276667|209.428222|137.385778|253.594556|150.331111|128.722556|308.722556
557|262.124472|223.823449|101.334759|238.376236|66.574560|256.613407|123.958426|165.744690|345.744690
558|293.228778|268.986231|91.343282|287.428699|63.918370|295.199523|122.013745|164.040662|344.040662
559|321.480944|278.337583|87.099727|335.071583|64.089264|330.434861|119.689685|162.633718|342.633718
560|352.271000|329.628611|93.204167|347.443333|66.730889|8.795333|118.137611|160.926444|340.926444
561|21.491722|5.311898|105.531616|358.181634|71.205352|45.590120|118.207954|159.406671|339.406671
562|51.190222|51.584398|121.422685|52.978866|77.385250|82.888241|119.523333|157.759398|337.759398
563|79.690833|84.218083|138.207213|103.315287|84.109130|118.081019|122.199917|156.084449|336.084449
564|111.064000|153.955222|157.978000|104.830556|91.703944|155.130000|126.096278|154.422000|334.422000
565|138.977667|175.769944|176.514389|127.123111|97.710778|185.519444|129.042944|152.803944|332.803944
566|168.341000|211.776889|196.941500|179.212389|102.689111|209.575000|133.152278|151.215833|331.215833
567|199.267000|263.340389|219.448889|221.558778|105.889722|209.500056|136.228611|149.649778|329.649778
568|229.671000|301.466111|241.404833|211.988722|106.796222|196.911444|137.758389|148.054500|328.054500
569|261.866333|85.210375|249.828370|244.772782|27.956102|305.277847|109.053278|185.103162|5.103162
570|293.481833|133.351509|274.509634|274.248894|28.866083|339.028190|106.513583|183.478995|3.478995
571|321.734000|142.422306|296.307750|324.233005|31.865046|1.652741|104.560417|181.912606|1.912606
572|352.524056|193.790000|320.282444|8.624167|37.062500|1.104833|103.757111|180.258389|0.258389
573|21.725056|232.074778|343.412269|0.374722|43.398954|348.715787|104.536690|178.685509|358.685509
574|51.413556|283.606569|6.949463|38.960995|50.819574|7.057162|106.673917|177.038338|357.038338
575|79.910833|319.640306|28.814014|94.106639|57.693185|35.988597|109.591352|175.522782|355.522782
576|109.379000|6.481556|50.055889|132.391667|64.164667|70.046667|112.827000|173.807278|353.807278
577|139.217667|51.499944|69.148111|123.656556|69.365056|106.028056|117.689500|172.242000|352.242000
578|168.597667|84.210222|85.335278|164.982167|72.463833|141.873444|120.949056|170.653667|350.653667
579|199.543667|130.474278|98.360833|217.568611|73.021833|179.813389|123.238389|168.928667|348.928667
580|229.961000|165.955056|105.022833|238.387778|70.794444|216.993667|124.389667|167.333667|347.333667
581|261.101333|310.244542|55.645514|272.855278|351.982736|220.678986|93.444778|204.427269|24.427269
582|292.725750|355.055676|53.478736|266.461458|356.638083|258.208750|90.818306|202.855384|22.855384
583|321.992333|15.549806|60.741468|309.898333|1.844731|293.759338|89.443431|201.236495|21.236495
584|352.782389|61.550000|74.169000|5.186444|8.608556|332.104833|89.498944|199.688111|19.688111
585|21.978111|96.773111|89.566963|29.286458|15.756657|9.150403|90.941333|198.009171|18.009171
586|51.666611|147.331847|107.284185|30.473611|22.994194|47.427750|93.663306|196.361949|16.361949
587|80.163889|185.187199|125.767444|81.890111|29.320593|85.513472|97.284176|194.802176|14.802176
588|109.632056|236.992944|144.151111|133.308333|34.129944|122.232889|101.283667|193.138944|13.138944
589|139.470722|287.021333|163.873833|143.908944|37.095667|160.153944|105.118000|191.573944|11.573944
590|168.850722|321.678278|183.639389|154.496167|37.035722|196.898333|107.972056|189.985889|9.985889
591|199.796722|7.170667|205.051000|205.471056|34.181778|234.269389|109.830444|188.260889|8.260889
592|230.197056|39.626657|227.129194|249.723380|30.347306|270.385792|110.201968|186.772329|6.772329
593|261.353833|181.683153|234.471819|277.973935|321.117556|274.584259|77.192667|223.865106|43.865106
594|292.978250|231.155676|257.634366|280.636667|326.986991|313.593870|75.309333|222.134551|42.134551
595|321.241500|239.958417|278.918417|296.927611|333.218074|347.871787|74.671921|220.727606|40.727606
596|352.048222|286.314444|302.533444|351.090722|340.688556|25.358278|75.390722|219.073389|39.073389
597|21.273111|319.078009|325.026097|40.067037|347.591444|60.804569|77.359333|217.500509|37.500509
598|50.971611|3.938287|348.055616|39.340370|353.728583|95.336847|80.515778|215.853060|35.853060
599|79.472222|37.851139|9.846995|65.589060|358.258153|124.713898|84.400611|214.178616|34.178616
600|108.935389|86.755722|30.847722|120.882500|0.693667|143.343833|88.530000|212.622000|32.622000
601|138.759056|138.386333|49.387333|164.441056|0.202278|131.394944|92.030333|210.897833|30.897833
602|168.122389|176.499944|63.352444|155.264167|356.938111|129.271889|94.332667|209.309500|29.309500
603|199.048389|227.903444|70.440611|190.317556|352.994000|153.400667|95.534944|207.743667|27.743667
604|229.452389|263.762500|66.487667|241.432333|351.415889|185.015889|95.275889|206.148333|26.148333
605|261.647167|45.413986|14.170120|268.792708|292.338139|291.843120|61.844306|243.197329|63.197329
606|293.262667|97.592343|26.967532|306.801204|299.303625|278.066292|60.344097|241.466495|61.466495
607|321.514833|106.986472|40.927782|296.207037|305.872778|280.572824|60.257167|240.059551|60.059551
608|352.304889|158.641667|57.831500|336.998556|312.604944|305.616500|61.725611|238.352278|58.352278
609|21.525611|194.742731|75.106477|32.189722|318.145625|337.105241|64.319389|236.832227|56.832227
610|51.224111|241.538009|93.560282|68.929745|322.563292|12.494361|67.861065|235.185282|55.185282
611|79.724722|274.323361|112.036019|61.077037|324.322463|47.146329|71.812500|233.616898|53.616898
612|109.187889|318.844056|131.485556|108.137389|323.227667|84.436556|75.645278|231.953944|51.953944
613|139.011556|5.213000|151.172167|160.750833|319.490278|123.458611|78.660389|230.229500|50.229500
614|168.374889|40.803278|170.636333|181.961667|315.878278|159.293333|80.494444|228.641444|48.641444
615|199.300889|91.966778|191.302778|181.765556|315.003222|197.957556|80.960500|227.075556|47.075556
616|229.704889|130.076444|212.011111|228.243111|316.705111|235.587722|79.965111|225.427000|45.427000
617|261.900222|274.893588|219.276273|255.044792|265.973870|237.574759|46.745981|262.476157|82.476157
618|293.515722|322.553731|240.922958|307.556847|272.718065|276.367417|45.888241|260.904551|80.904551
619|321.767889|331.557861|261.184824|321.412778|278.603472|311.396593|46.533968|259.338657|79.338657
620|352.557944|22.576667|283.753333|327.082778|284.108667|350.101278|48.522833|257.683944|77.683944
621|21.758944|60.667833|305.291861|18.461019|287.738792|27.337264|51.574509|256.111116|76.111116
622|51.447444|112.491847|326.607282|72.513394|288.841306|65.489940|55.477556|254.464449|74.464449
623|79.944722|148.919472|345.978486|80.286574|287.292611|102.073704|59.375056|252.948616|72.948616
624|110.001806|204.000949|3.948843|96.267477|283.231273|140.074005|62.974630|251.200116|71.200116
625|139.251556|241.604667|15.904444|148.652500|280.037222|176.278222|65.457611|249.667833|69.667833
626|168.631556|274.248278|18.599944|193.747500|279.649944|212.505833|66.470611|248.079500|68.079500
627|199.577556|320.070667|10.320056|187.787500|281.877444|245.756167|66.189000|246.354500|66.354500
628|229.994889|355.131444|7.347056|215.455167|286.364333|274.999722|64.428556|244.759500|64.759500
629|261.135222|140.059264|346.816639|241.131713|240.980866|291.643491|31.632667|281.861218|101.861218
630|292.759639|185.042065|6.798245|295.002287|247.083991|329.441403|31.532060|280.289769|100.289769
631|322.026222|205.493417|24.181074|337.792505|251.641722|3.594870|32.830083|278.776773|98.776773
632|352.816278|251.151667|43.440333|330.956944|254.981611|37.753722|35.493667|277.122556|97.122556
633|22.012000|286.037556|62.024491|4.864157|255.587500|65.746875|38.920759|275.443287|95.443287
634|51.700500|336.854069|81.272745|62.353444|253.571500|77.980806|43.010407|273.796394|93.796394
635|80.197778|13.927199|100.098231|103.631019|249.641218|61.710352|46.760769|272.227782|92.227782
636|109.665944|65.836278|119.781222|94.476389|246.657944|68.111667|49.824278|270.564778|90.564778
637|139.504611|116.318000|139.654556|134.800833|246.510333|94.687111|51.645667|268.999500|88.999500
638|168.884611|151.324944|158.806556|187.136222|249.126056|127.154500|52.295944|267.411444|87.411444
639|199.830611|197.117333|178.764556|215.107778|253.476389|163.307056|51.173333|265.686444|85.686444
640|230.740944|235.633403|198.731134|209.210176|259.306602|199.977903|48.841806|264.172190|84.172190
641|261.387722|10.614542|203.673051|237.392384|216.398759|215.524519|16.754625|301.299273|121.299273
642|293.012139|60.546509|223.254699|280.845505|221.126917|246.155227|17.501269|299.568440|119.568440
643|321.275389|69.415917|241.156407|330.551667|223.848583|277.749801|19.321931|298.161495|118.161495
644|352.082111|116.184444|260.794667|0.649444|224.406667|314.344889|22.264056|296.507278|116.507278
645|21.307000|149.061898|278.852792|356.337083|222.490162|350.433366|26.153898|294.934449|114.934449
646|51.005500|193.760231|294.769852|45.914616|218.504861|28.107398|30.319324|293.287782|113.287782
647|79.506111|227.382250|304.335384|99.907014|215.715648|64.499681|33.725824|291.612731|111.612731
648|108.969278|275.807389|303.379000|120.311111|215.297389|102.202000|36.454278|290.055889|110.055889
649|138.792944|327.123000|296.310056|123.635278|217.762056|140.317000|37.690833|288.331722|108.331722
650|168.156278|5.233278|298.935667|172.499556|222.057111|177.642000|37.459000|286.743667|106.743667
651|199.082278|56.940111|315.800389|221.106000|227.799056|215.906667|35.765333|285.177556|105.177556
652|229.486278|93.139167|328.091611|221.326111|234.292222|253.091222|33.209944|283.582556|103.582556
653|261.681333|234.279264|325.389028|256.448704|191.069963|255.416245|2.392236|320.631218|140.631218
654|293.296833|286.312065|347.737681|269.699648|193.883713|294.652819|3.739144|318.900662|138.900662
655|321.549000|295.704528|7.509282|317.489931|194.395528|329.860319|6.061796|317.440662|137.440662
656|321.549000|295.704528|7.509282|317.489931|194.395528|329.860319|6.061796|317.440662|137.440662
657|321.549000|295.704528|7.509282|317.489931|194.395528|329.860319|6.061796|317.440662|137.440662
658|21.559500|24.088565|48.563139|10.383148|188.466556|45.089718|13.586269|314.266898|134.266898
659|51.909444|79.774583|68.998889|34.942639|185.483889|83.231944|17.589583|312.583333|132.583333
660|79.758611|104.287528|87.744968|87.855139|185.202935|117.694472|20.569134|311.050838|131.050838
661|109.221778|148.747389|107.559556|134.963333|187.569778|152.620333|22.509500|309.388111|129.388111
662|139.045444|194.733000|127.380167|128.545833|191.691444|185.646000|23.110000|307.663667|127.663667
663|168.408778|229.969944|146.349944|159.295722|197.291167|210.573056|22.190222|306.075333|126.075333
664|199.334778|280.766778|165.894222|212.460833|203.972889|213.401667|19.836778|304.510056|124.510056
665|229.738778|318.818111|184.467611|246.527500|210.416222|199.343833|17.699056|302.861722|122.861722
666|261.934389|104.642199|188.294815|278.385727|163.821412|306.211167|348.656222|339.910384|159.910384
667|293.549889|151.826231|204.835458|269.040093|164.317111|339.122500|350.644009|338.338657|158.338657
668|321.802056|160.776750|218.100319|303.868403|162.265380|2.611852|353.360213|336.772606|156.772606
669|352.592111|211.380000|229.293111|359.976389|158.362111|4.878611|357.003444|335.118389|155.118389
670|21.793111|249.407833|233.322000|38.324259|155.473463|350.925231|0.935954|333.545560|153.545560
671|51.481611|301.396847|226.875162|30.338264|155.269370|7.449435|4.607194|331.898616|151.898616
672|79.978889|338.131972|221.918611|73.531773|157.472014|35.793551|7.105301|330.383009|150.383009
673|109.447056|26.012944|228.630944|128.949056|161.868167|69.713222|8.479889|328.666944|148.666944
674|139.538778|305.533000|116.186889|166.384167|144.064444|160.877389|353.393111|346.380889|166.380889
675|168.665722|104.194944|261.557333|152.277222|173.973556|141.438111|6.661889|325.513667|145.513667
676|199.611722|149.700667|281.969056|198.979833|180.497444|179.311722|4.088444|323.788944|143.788944
677|230.029056|184.418111|302.952556|247.673889|186.349111|216.485444|2.464667|322.193389|142.193389
678|261.169111|329.906764|306.205806|274.488611|133.984981|220.326245|335.579167|359.295106|179.295106
679|292.793528|15.146231|329.794278|294.577130|131.831241|257.768907|337.943032|357.723718|177.723718
680|322.060111|35.578694|351.645051|295.332894|127.991023|293.274838|341.427685|356.210662|176.210662
681|352.850167|80.921389|14.288167|346.112778|125.041667|331.584056|345.123722|354.556722|174.556722
682|22.046167|115.371722|35.439699|39.060523|125.000000|8.629569|348.818778|352.877505|172.877505
683|51.734667|165.078792|56.475801|52.616389|127.633264|46.883181|351.808139|351.230560|171.230560
684|80.231944|202.659699|76.115523|63.035394|131.510736|83.749306|353.764880|349.661671|169.661671
685|168.918778|340.901611|134.340056|163.856944|150.514444|196.399167|351.228722|344.845833|164.845833
686|110.177611|261.723139|96.244917|116.831250|137.367056|122.313361|354.340917|347.972417|167.972417
687|140.023778|312.238750|116.502306|166.924444|144.174806|161.489556|353.360333|346.354361|166.354361
688|199.864778|27.044000|153.048222|186.707056|156.494000|233.855722|348.889389|343.120889|163.120889
689|168.918778|340.901611|134.340056|163.856944|150.514444|196.399167|351.228722|344.845833|164.845833
690|230.265111|59.569157|170.662588|237.321463|161.026106|270.054042|348.042889|341.632606|161.632606
691|261.421611|199.385931|170.705032|262.609931|99.872361|274.030551|323.399801|18.733440|198.733440
692|293.046028|249.836787|181.949185|309.067361|95.759500|313.089894|326.330241|17.002606|197.002606
693|321.309278|258.785917|185.342009|303.833310|93.243333|347.380537|329.360333|15.595662|195.595662
694|352.116000|306.100833|179.083556|331.217944|93.356944|24.923667|333.220667|13.941667|193.941667
695|21.340889|339.148843|169.426389|26.197185|95.715333|60.423866|336.553292|12.368616|192.368616
696|51.039389|23.739954|170.135315|72.932153|100.300065|95.164856|339.101144|10.721671|190.721671
697|79.540000|57.054472|180.266505|65.277565|106.227463|125.060611|340.402407|9.046949|189.046949
698|109.003167|104.887111|196.777944|109.361944|112.961778|145.048444|340.376000|7.490278|187.490278
699|138.826833|155.799389|216.711889|155.674444|119.787667|135.440278|338.827556|5.765833|185.765833
700|168.190167|193.826333|237.782333|190.462778|125.751000|130.652056|336.340111|4.177833|184.177833
701|199.116167|245.823167|260.547833|181.164167|130.628278|153.508333|334.622944|2.612278|182.612278
702|229.520167|282.415556|282.833611|221.825556|133.504389|184.809778|334.403278|1.016722|181.016722
703|261.715222|63.136208|289.296657|248.733870|61.352796|294.159963|311.753144|38.065384|218.065384
704|293.330722|114.910398|313.294792|303.149370|59.130319|282.069620|314.829111|36.440662|216.440662
705|321.582889|124.302861|335.107125|332.410421|59.611764|281.876157|318.202324|34.874829|214.874829
706|352.372944|176.509722|358.857444|325.672611|62.744500|305.736500|321.891000|33.220833|213.220833
707|21.593389|213.301065|21.069727|11.586120|67.448861|336.887833|324.759435|31.700838|211.700838
708|51.291889|261.106014|43.751065|70.102153|74.023574|13.315750|326.963894|30.000560|210.000560
709|79.792500|294.335028|63.385537|94.029708|80.576690|46.814005|327.536375|28.485005|208.485005
710|109.255667|338.800444|83.387000|92.649444|87.726500|83.847556|326.790111|26.822000|206.822000
711|139.079333|24.374389|102.695722|142.048444|94.019944|123.064611|324.676278|25.203944|205.203944
712|168.442667|59.214667|120.881167|191.804278|98.780222|158.869389|321.728222|23.510056|203.510056
713|199.368667|110.173722|139.122111|199.191389|101.755278|197.403111|321.259111|21.891111|201.891111
714|229.772667|147.414500|155.632556|210.940556|102.156556|235.030333|322.591278|20.295611|200.295611
715|261.968278|294.543866|148.974699|238.876491|22.983593|237.053648|301.691583|57.344273|237.344273
716|293.583778|341.192343|150.394384|290.244287|24.211639|275.838370|304.167778|55.772884|235.772884
717|321.835944|350.059528|142.415750|336.462269|27.772269|310.862269|307.428296|54.206773|234.206773
718|352.626000|40.153056|133.984389|342.279722|33.180833|349.551611|310.845444|52.658944|232.658944
719|21.827000|78.008667|135.051144|359.961065|39.688495|26.804764|313.339102|50.979727|230.979727
720|51.515500|130.142958|145.156981|55.818324|47.122352|64.974083|314.705852|49.332731|229.332731
721|80.725278|177.385602|160.033565|105.059917|54.077630|102.467787|314.837694|47.777157|227.777157
722|109.480944|215.672667|177.673000|101.997222|60.231944|138.880222|313.451500|46.101167|226.101167
723|139.319611|261.631056|197.988222|129.249000|65.252000|175.869889|311.068722|44.536389|224.536389
724|168.699611|294.294667|219.367278|181.689500|68.104389|212.016667|309.243500|42.947833|222.947833
725|199.645611|339.487056|242.517222|221.035833|68.134056|245.644778|308.737000|41.222833|221.222833
726|230.062944|13.864500|265.450889|210.388944|65.387389|275.479444|309.752722|39.627833|219.627833
727|351.894056|44.156111|299.319556|3.685611|328.176667|306.153667|289.994667|29.220333|209.220333
728|109.360389|163.457389|146.660222|123.551111|261.191056|124.312278|132.184167|293.682278|113.682278
